index,target_hr,method,fold,seed,rise_time_s,width50_s,rise_cycle_ratio,beat_extraction_success,amplitude_range,amplitude_std
0,60,cvae,4,42,0.359375,0.328125,0.5,1.0,8.284270286560059,1.6258113384246826
1,60,cvae,4,42,0.3828125,0.484375,0.4133928571428571,1.0,8.095949172973633,1.2173917293548584
2,60,cvae,4,42,0.3359375,0.4765625,0.5104166666666667,1.0,5.982906341552734,1.191866159439087
3,60,cvae,4,42,0.375,0.46875,0.4544953116381688,1.0,7.541596412658691,1.1572123765945435
4,60,cvae,4,42,0.359375,0.4453125,0.4444444444444444,1.0,9.767403602600098,1.2629177570343018
5,60,cvae,4,42,0.3359375,0.46875,0.4614814814814815,1.0,6.288171768188477,0.9765220284461975
6,60,cvae,4,42,0.359375,0.3671875,0.4737179487179487,1.0,7.196895599365234,1.1429575681686401
7,60,cvae,4,42,0.421875,0.484375,0.325,1.0,2.7094175815582275,0.5207206606864929
8,60,cvae,4,42,0.3984375,0.421875,0.49845916795069334,1.0,7.283783912658691,1.2399781942367554
9,60,cvae,4,42,0.3515625,0.28125,0.5053191489361701,1.0,8.852988243103027,1.5277574062347412
10,60,cvae,4,42,0.328125,0.359375,0.4666666666666667,1.0,8.203231811523438,1.5176421403884888
11,60,cvae,4,42,0.359375,0.375,0.46,1.0,6.286358833312988,0.8743051886558533
12,60,cvae,4,42,0.3828125,0.46875,0.35342401500938087,1.0,6.817500114440918,1.1022356748580933
13,60,cvae,4,42,0.3125,0.3359375,0.459830866807611,1.0,6.434255599975586,1.2362428903579712
14,60,cvae,4,42,0.328125,0.328125,0.34210526315789475,1.0,5.054316520690918,0.9057130217552185
15,60,cvae,4,42,0.390625,0.515625,0.41025641025641024,1.0,3.1009793281555176,0.5830381512641907
16,60,cvae,4,42,0.296875,0.34375,0.4523809523809524,1.0,11.90356159210205,1.3989808559417725
17,60,cvae,4,42,0.296875,0.34375,0.4166666666666667,1.0,8.087204933166504,1.4835304021835327
18,60,cvae,4,42,0.34375,0.390625,0.46808510638297873,1.0,5.308658599853516,0.7684215307235718
19,60,cvae,4,42,0.3828125,0.4921875,0.4298029556650246,1.0,4.031674385070801,0.9130247831344604
20,60,cvae,4,42,0.3203125,0.375,0.38541666666666663,1.0,3.6056036949157715,0.7691245079040527
21,60,cvae,4,42,0.25,0.359375,0.3404255319148936,1.0,4.673186302185059,0.8551540374755859
22,60,cvae,4,42,0.328125,0.296875,0.5217391304347826,1.0,10.645069122314453,1.5832250118255615
23,60,cvae,4,42,0.625,0.65625,0.5882352941176471,1.0,3.9005179405212402,0.7873578071594238
24,60,cvae,4,42,0.4140625,0.4453125,0.45757020757020755,1.0,4.036586284637451,0.8245233297348022
25,60,cvae,4,42,0.34375,0.5546875,0.39260057471264365,1.0,2.8955726623535156,0.6600874662399292
26,60,cvae,4,42,0.328125,0.3125,0.46296296296296297,1.0,4.943865776062012,0.968469500541687
27,60,cvae,4,42,0.3203125,0.46875,0.41515837104072395,1.0,3.560037136077881,0.7219815850257874
28,60,cvae,4,42,0.296875,0.3125,0.4,1.0,6.85573673248291,1.0290895700454712
29,60,cvae,4,42,0.265625,0.4375,0.3695652173913043,1.0,5.220996856689453,1.1076171398162842
30,60,cvae,4,42,0.2890625,0.3359375,0.3848684210526316,1.0,4.872614860534668,0.9105033874511719
31,60,cvae,4,42,0.3203125,0.390625,0.4344812164579607,1.0,3.9196174144744873,0.8738731145858765
32,60,cvae,4,42,0.3125,0.328125,0.475,1.0,4.971446990966797,0.9971550107002258
33,60,cvae,4,42,0.4453125,0.4453125,0.5157469342251951,1.0,4.600481033325195,0.9298559427261353
34,60,cvae,4,42,0.2890625,0.421875,0.40353260869565216,1.0,6.511940002441406,1.2521953582763672
35,60,cvae,4,42,0.34375,0.34375,0.4583333333333333,1.0,11.43527889251709,1.5311692953109741
36,60,cvae,4,42,0.40625,0.390625,0.5217391304347826,1.0,4.669023513793945,0.8320537209510803
37,60,cvae,4,42,0.328125,0.53125,0.4375,1.0,4.581958293914795,0.8741758465766907
38,60,cvae,4,42,0.2890625,0.28125,0.45140232108317213,1.0,10.800021171569824,1.8456534147262573
39,60,cvae,4,42,0.2578125,0.4140625,0.38095238095238093,1.0,5.787517070770264,0.8904271721839905
40,60,cvae,4,42,0.3046875,0.375,0.4464285714285714,1.0,4.37891960144043,0.8780741691589355
41,60,cvae,4,42,0.359375,0.453125,0.42864583333333334,1.0,3.312225103378296,0.7239081859588623
42,60,cvae,4,42,0.375,0.46875,0.47619047619047616,1.0,7.95688533782959,1.3207437992095947
43,60,cvae,4,42,0.4375,0.46875,0.5934065934065934,1.0,5.715500831604004,0.9992256164550781
44,60,cvae,4,42,0.3671875,0.328125,0.44898373983739837,1.0,8.236310958862305,1.3144341707229614
45,60,cvae,4,42,0.328125,0.328125,0.4375,1.0,7.117213249206543,1.2872833013534546
46,60,cvae,4,42,0.3828125,0.375,0.4811253561253561,1.0,7.72379207611084,1.3768765926361084
47,60,cvae,4,42,0.3828125,0.5234375,0.4736231884057971,1.0,7.435512065887451,1.0797706842422485
48,60,cvae,4,42,0.328125,0.453125,0.36363636363636365,1.0,4.763059616088867,0.9472031593322754
49,60,cvae,4,42,0.6640625,0.734375,0.5433333333333333,1.0,4.130867004394531,0.842904806137085
50,60,cvae,4,42,0.25,0.3125,0.40625,1.0,8.325054168701172,1.3496383428573608
51,60,cvae,4,42,0.328125,0.421875,0.47368421052631576,1.0,11.207576751708984,1.5245928764343262
52,60,cvae,4,42,0.265625,0.375,0.35714285714285715,1.0,5.4791131019592285,0.8991929292678833
53,60,cvae,4,42,0.359375,0.390625,0.40848214285714285,1.0,5.879337310791016,1.0926766395568848
54,60,cvae,4,42,0.3984375,0.3828125,0.5507362784471218,1.0,8.569350242614746,1.5598634481430054
55,60,cvae,4,42,0.375,0.390625,0.5454545454545454,1.0,7.289074897766113,1.4158828258514404
56,60,cvae,4,42,0.53125,0.578125,0.49772727272727274,1.0,5.56397819519043,1.0923705101013184
57,60,cvae,4,42,0.3125,0.3125,0.40384615384615385,1.0,4.741548538208008,0.9041491746902466
58,60,cvae,4,42,0.4375,0.46875,0.46938775510204084,1.0,3.5260183811187744,0.706428050994873
59,60,cvae,4,42,0.3125,0.40625,0.35855263157894735,1.0,3.3947997093200684,0.6523154973983765
60,60,cvae,4,42,0.28125,0.34375,0.4166666666666667,1.0,7.764066696166992,1.2267179489135742
61,60,cvae,4,42,0.4609375,0.4609375,0.42800632911392406,1.0,7.145047187805176,1.4813421964645386
62,60,cvae,4,42,0.453125,0.53125,0.4075255102040816,1.0,3.98551607131958,0.7052078247070312
63,60,cvae,4,42,0.28125,0.4375,0.39379699248120303,1.0,4.058712482452393,0.7092342972755432
64,60,cvae,4,42,0.34375,0.34375,0.5,1.0,6.305153846740723,0.9952346682548523
65,60,cvae,4,42,0.3671875,0.328125,0.48315911730545874,1.0,6.922824382781982,1.2076531648635864
66,60,cvae,4,42,0.296875,0.296875,0.5,1.0,8.86031723022461,1.2445141077041626
67,60,cvae,4,42,0.328125,0.40625,0.42857142857142855,1.0,5.419821739196777,1.0396534204483032
68,60,cvae,4,42,0.328125,0.375,0.4318181818181818,1.0,6.229854583740234,0.9988576769828796
69,60,cvae,4,42,0.375,0.328125,0.5416666666666666,1.0,14.435643196105957,1.4534952640533447
70,60,cvae,4,42,0.2578125,0.3125,0.3975029036004646,1.0,11.460653305053711,1.7746756076812744
71,60,cvae,4,42,0.328125,0.3828125,0.4580952380952381,1.0,6.274956226348877,1.2061353921890259
72,60,cvae,4,42,0.40625,0.4296875,0.4771043771043771,1.0,8.591575622558594,1.5278089046478271
73,60,cvae,4,42,0.3515625,0.3984375,0.4669811320754717,1.0,7.922412872314453,1.2899351119995117
74,60,cvae,4,42,0.375,0.3671875,0.46505125815470644,1.0,5.485518455505371,1.108566164970398
75,60,cvae,4,42,0.359375,0.4765625,0.3306277056277056,1.0,4.005696773529053,0.8220235705375671
76,60,cvae,4,42,0.390625,0.34375,0.5011904761904762,1.0,8.373846054077148,1.335070252418518
77,60,cvae,4,42,0.265625,0.3828125,0.41488095238095235,1.0,7.753976821899414,1.3201133012771606
78,60,cvae,4,42,0.3046875,0.3984375,0.41530797101449274,1.0,5.316917419433594,1.0117886066436768
79,60,cvae,4,42,0.4296875,0.4453125,0.5334821428571428,1.0,6.297443389892578,1.190407633781433
80,60,cvae,4,42,0.3359375,0.359375,0.45833333333333337,1.0,4.792052268981934,0.8845133185386658
81,60,cvae,4,42,0.265625,0.40625,0.3701923076923077,1.0,4.349444389343262,0.6713619232177734
82,60,cvae,4,42,0.4140625,0.4765625,0.43948863636363633,1.0,3.5166895389556885,0.6747297644615173
83,60,cvae,4,42,0.375,0.46875,0.46153846153846156,1.0,6.218354225158691,1.0854387283325195
84,60,cvae,4,42,0.2734375,0.390625,0.42605843768634466,1.0,5.071224212646484,0.7711633443832397
85,60,cvae,4,42,0.328125,0.5,0.38461538461538464,1.0,5.3262434005737305,0.854395866394043
86,60,cvae,4,42,0.359375,0.53125,0.42105263157894735,1.0,8.424165725708008,1.335880994796753
87,60,cvae,4,42,0.328125,0.40625,0.48435843054082717,1.0,6.069349765777588,0.9757475256919861
88,60,cvae,4,42,0.34375,0.375,0.425,1.0,4.766363143920898,0.8167908191680908
89,60,cvae,4,42,0.3515625,0.375,0.5147058823529411,1.0,5.994170188903809,1.1402208805084229
90,60,cvae,4,42,0.3359375,0.4609375,0.33554888507718694,1.0,3.6370041370391846,0.6698203086853027
91,60,cvae,4,42,0.359375,0.359375,0.3790052606408417,1.0,7.033249855041504,1.3760956525802612
92,60,cvae,4,42,0.3984375,0.4921875,0.44393939393939397,1.0,3.660489082336426,0.7915008664131165
93,60,cvae,4,42,0.4453125,0.6171875,0.47413793103448276,1.0,3.298030376434326,0.6622685790061951
94,60,cvae,4,42,0.296875,0.328125,0.42424242424242425,1.0,7.464665412902832,1.4853202104568481
95,60,cvae,4,42,0.421875,0.3828125,0.48863636363636365,1.0,6.8390703201293945,1.2945983409881592
96,60,cvae,4,42,0.3046875,0.4765625,0.4409090909090909,1.0,6.051044464111328,1.219429850578308
97,60,cvae,4,42,0.296875,0.375,0.4318181818181818,1.0,5.366319179534912,0.860596239566803
98,60,cvae,4,42,0.265625,0.375,0.44642857142857145,1.0,4.724089622497559,0.8218458294868469
99,60,cvae,4,42,0.4296875,0.6484375,0.494927536231884,1.0,5.523693084716797,0.9772040843963623
100,60,cvae,4,42,0.296875,0.40625,0.43125,1.0,5.146472930908203,0.7987200617790222
101,60,cvae,4,42,0.28125,0.3046875,0.4477730646871686,1.0,6.767458438873291,1.2627822160720825
102,60,cvae,4,42,0.3828125,0.4765625,0.44166666666666665,1.0,5.234648704528809,0.9375436305999756
103,60,cvae,4,42,0.265625,0.34375,0.428743961352657,1.0,5.635893821716309,1.1168016195297241
104,60,cvae,4,42,0.265625,0.3671875,0.37684729064039413,1.0,10.0510835647583,1.3573161363601685
105,60,cvae,4,42,0.4296875,0.6015625,0.5042372881355932,1.0,6.2542524337768555,1.1049596071243286
106,60,cvae,4,42,0.359375,0.375,0.5106382978723404,1.0,9.1198091506958,1.4329581260681152
107,60,cvae,4,42,0.3046875,0.3359375,0.4292763157894737,1.0,8.026830673217773,1.2610479593276978
108,60,cvae,4,42,0.3125,0.484375,0.3813888888888889,1.0,6.360400676727295,1.177755355834961
109,60,cvae,4,42,0.421875,0.359375,0.5178571428571429,1.0,7.876622200012207,1.4707218408584595
110,60,cvae,4,42,0.328125,0.3828125,0.48863636363636365,1.0,6.58662223815918,1.1504744291305542
111,60,cvae,4,42,0.421875,0.578125,0.39285714285714285,1.0,3.0113704204559326,0.5751414895057678
112,60,cvae,4,42,0.265625,0.3125,0.3849206349206349,1.0,6.262394428253174,1.2065585851669312
113,60,cvae,4,42,0.2890625,0.3359375,0.40551724137931033,1.0,8.889877319335938,1.4086785316467285
114,60,cvae,4,42,0.265625,0.2890625,0.40625,1.0,7.638347625732422,1.3230524063110352
115,60,cvae,4,42,0.265625,0.40625,0.3684210526315789,1.0,6.677166938781738,1.1649497747421265
116,60,cvae,4,42,0.328125,0.4140625,0.4011752136752137,1.0,4.375194549560547,0.7541406154632568
117,60,cvae,4,42,0.328125,0.34375,0.463126159554731,1.0,5.997975826263428,1.0089071989059448
118,60,cvae,4,42,0.390625,0.484375,0.4838709677419355,1.0,4.55872917175293,0.996580183506012
119,60,cvae,4,42,0.3046875,0.3359375,0.3995726495726496,1.0,6.254136085510254,1.0910189151763916
120,60,cvae,4,42,0.3515625,0.3203125,0.5108695652173914,1.0,5.623844146728516,1.0512274503707886
121,60,cvae,4,42,0.4375,0.3203125,0.5801282051282051,1.0,8.259090423583984,1.697327733039856
122,60,cvae,4,42,0.3125,0.453125,0.3982371794871795,1.0,3.2446837425231934,0.6364793181419373
123,60,cvae,4,42,0.296875,0.3671875,0.3951219512195122,1.0,5.460858345031738,0.9671828150749207
124,60,cvae,4,42,0.296875,0.328125,0.46875,1.0,5.526965141296387,1.0375341176986694
125,60,cvae,4,42,0.296875,0.4375,0.36538461538461536,1.0,2.545412540435791,0.5366231799125671
126,60,cvae,4,42,0.296875,0.375,0.4473684210526316,1.0,7.989266395568848,1.359434962272644
127,60,cvae,4,42,0.3046875,0.296875,0.40096618357487923,1.0,4.478969097137451,0.7639422416687012
128,60,cvae,4,42,0.2734375,0.3671875,0.38207070707070706,1.0,8.602017402648926,1.2307426929473877
129,60,cvae,4,42,0.296875,0.390625,0.36339458413926495,1.0,4.441553592681885,0.9456796050071716
130,60,cvae,4,42,0.265625,0.3125,0.4857142857142857,1.0,6.858290195465088,1.263590693473816
131,60,cvae,4,42,0.328125,0.34375,0.4772727272727273,1.0,11.729299545288086,1.4744503498077393
132,60,cvae,4,42,0.296875,0.453125,0.41304347826086957,1.0,5.2928900718688965,1.1879291534423828
133,60,cvae,4,42,0.390625,0.46875,0.6052631578947368,1.0,6.794727325439453,1.1052190065383911
134,60,cvae,4,42,0.421875,0.421875,0.5625,1.0,8.79083251953125,1.409866213798523
135,60,cvae,4,42,0.390625,0.390625,0.44642857142857145,1.0,4.693934917449951,0.8476039171218872
136,60,cvae,4,42,0.34375,0.421875,0.4583333333333333,1.0,5.5339884757995605,0.8314918279647827
137,60,cvae,4,42,0.296875,0.390625,0.3,1.0,5.939901351928711,1.008360505104065
138,60,cvae,4,42,0.296875,0.421875,0.4418604651162791,1.0,7.632139205932617,1.3139262199401855
139,60,cvae,4,42,0.4296875,0.34375,0.5173611111111112,1.0,5.104215145111084,0.9956786036491394
140,60,cvae,4,42,0.3125,0.4140625,0.3888888888888889,1.0,3.472540855407715,0.6609024405479431
141,60,cvae,4,42,0.34375,0.6328125,0.4623015873015873,1.0,3.9968533515930176,0.8064826726913452
142,60,cvae,4,42,0.3203125,0.359375,0.4847222222222222,1.0,7.852825164794922,1.3085753917694092
143,60,cvae,4,42,0.6875,0.46875,0.5277777777777778,1.0,5.52525520324707,0.9969315528869629
144,60,cvae,4,42,0.796875,0.40625,0.6842105263157895,1.0,4.302563667297363,0.7196577787399292
145,60,cvae,4,42,0.328125,0.40625,0.40192307692307694,1.0,8.034069061279297,1.5710381269454956
146,60,cvae,4,42,0.328125,0.4296875,0.4318181818181818,1.0,4.1052045822143555,0.7818849086761475
147,60,cvae,4,42,0.40625,0.34375,0.5681818181818182,1.0,5.492274284362793,1.1000678539276123
148,60,cvae,4,42,0.515625,0.4609375,0.4655612244897959,1.0,4.848026275634766,0.9045367240905762
149,60,cvae,4,42,0.375,0.34375,0.4807692307692308,1.0,8.499861717224121,1.4010933637619019
150,60,cvae,4,42,0.390625,0.515625,0.3695652173913043,1.0,7.046572685241699,0.8814263939857483
151,60,cvae,4,42,0.390625,0.4375,0.39215686274509803,1.0,4.331193447113037,0.8055635094642639
152,60,cvae,4,42,0.46875,0.5234375,0.46710526315789475,1.0,4.486344337463379,0.935316264629364
153,60,cvae,4,42,0.296875,0.421875,0.34210526315789475,1.0,3.957986354827881,0.7882179021835327
154,60,cvae,4,42,0.4609375,0.546875,0.45814814814814814,1.0,6.374658584594727,0.9971327185630798
155,60,cvae,4,42,0.296875,0.390625,0.40476190476190477,1.0,6.599380970001221,1.0474886894226074
156,60,cvae,4,42,0.421875,0.453125,0.4857142857142857,1.0,7.402161121368408,1.2969470024108887
157,60,cvae,4,42,0.34375,0.5625,0.4074074074074074,1.0,12.439491271972656,1.8062139749526978
158,60,cvae,4,42,0.28125,0.453125,0.40476190476190477,1.0,5.402848243713379,1.0135716199874878
159,60,cvae,4,42,0.2734375,0.3359375,0.4176282051282051,1.0,6.593075752258301,1.1829391717910767
160,60,cvae,4,42,0.328125,0.484375,0.4375,1.0,9.113555908203125,1.23871648311615
161,60,cvae,4,42,0.3828125,0.4140625,0.5078125,1.0,6.166536331176758,0.8852540254592896
162,60,cvae,4,42,0.328125,0.3828125,0.4427659574468085,1.0,8.008721351623535,1.4161386489868164
163,60,cvae,4,42,0.296875,0.375,0.3888888888888889,1.0,6.234968662261963,1.1321468353271484
164,60,cvae,4,42,0.28125,0.328125,0.43859649122807015,1.0,4.733517169952393,1.000674843788147
165,60,cvae,4,42,0.4296875,0.6015625,0.4634103641456583,1.0,4.37239408493042,0.8116132616996765
166,60,cvae,4,42,0.4921875,0.6328125,0.4381243063263041,1.0,4.021304130554199,0.7576670050621033
167,60,cvae,4,42,0.359375,0.359375,0.46296296296296297,1.0,4.884871959686279,0.8607513904571533
168,60,cvae,4,42,0.34375,0.40625,0.4166666666666667,1.0,8.860572814941406,1.5426491498947144
169,60,cvae,4,42,0.3828125,0.34375,0.4364988558352403,1.0,6.946161270141602,1.0233038663864136
170,60,cvae,4,42,0.265625,0.296875,0.375,1.0,6.9794697761535645,1.1685210466384888
171,60,cvae,4,42,0.359375,0.421875,0.475,1.0,8.808557510375977,1.4335860013961792
172,60,cvae,4,42,0.3828125,0.421875,0.5,1.0,7.536630630493164,1.4229272603988647
173,60,cvae,4,42,0.296875,0.453125,0.42592592592592593,1.0,5.26996374130249,0.8033949732780457
174,60,cvae,4,42,0.328125,0.28125,0.4444444444444444,1.0,4.993721961975098,0.9551399946212769
175,60,cvae,4,42,0.375,0.40625,0.4858490566037736,1.0,4.424501895904541,0.915922224521637
176,60,cvae,4,42,0.3125,0.46875,0.43465909090909094,1.0,4.568124771118164,0.9755340814590454
177,60,cvae,4,42,0.40625,0.46875,0.4375,1.0,6.863514423370361,1.02469801902771
178,60,cvae,4,42,0.328125,0.328125,0.5161290322580645,1.0,8.867897033691406,1.291553258895874
179,60,cvae,4,42,0.375,0.4453125,0.4245014245014245,1.0,7.197638988494873,1.2712095975875854
180,60,cvae,4,42,0.2890625,0.4375,0.3618659420289855,1.0,5.097508907318115,0.7412086725234985
181,60,cvae,4,42,0.328125,0.5,0.40384615384615385,1.0,5.862478733062744,1.2270410060882568
182,60,cvae,4,42,0.390625,0.5,0.43859649122807015,1.0,4.374208450317383,0.7814287543296814
183,60,cvae,4,42,0.3359375,0.453125,0.40384615384615385,1.0,3.877190113067627,0.7944099307060242
184,60,cvae,4,42,0.3515625,0.515625,0.40548245614035083,1.0,6.060448169708252,1.1503846645355225
185,60,cvae,4,42,0.3125,0.328125,0.47619047619047616,1.0,8.360026359558105,1.337714433670044
186,60,cvae,4,42,0.296875,0.375,0.458041958041958,1.0,6.813785552978516,1.2883867025375366
187,60,cvae,4,42,0.4453125,0.546875,0.500307881773399,1.0,3.3072662353515625,0.6303418278694153
188,60,cvae,4,42,0.328125,0.359375,0.41304347826086957,1.0,6.176257133483887,1.0792323350906372
189,60,cvae,4,42,0.34375,0.3359375,0.45089285714285715,1.0,4.913159370422363,0.9595378637313843
190,60,cvae,4,42,0.2734375,0.34375,0.3648148148148148,1.0,7.324496269226074,1.0696380138397217
191,60,cvae,4,42,0.34375,0.4765625,0.4587486157253599,1.0,5.423603534698486,0.9945662617683411
192,60,cvae,4,42,0.296875,0.484375,0.34,1.0,3.4078633785247803,0.591357409954071
193,60,cvae,4,42,0.3515625,0.3671875,0.4740691489361702,1.0,8.669549942016602,1.5174243450164795
194,60,cvae,4,42,0.5234375,0.4609375,0.5583333333333333,1.0,4.210558891296387,0.8873816132545471
195,60,cvae,4,42,0.375,0.3984375,0.4495192307692308,1.0,4.88311767578125,0.914852499961853
196,60,cvae,4,42,0.375,0.46875,0.48,1.0,3.856628179550171,0.751875102519989
197,60,cvae,4,42,0.3359375,0.4765625,0.4572727272727273,1.0,5.878899574279785,1.1738789081573486
198,60,cvae,4,42,0.28125,0.3515625,0.40652173913043477,1.0,7.369803428649902,1.312957763671875
199,60,cvae,4,42,0.34375,0.359375,0.4782608695652174,1.0,5.840350151062012,1.1292178630828857
200,60,cvae,4,42,0.59375,0.796875,0.4528301886792453,1.0,6.68550443649292,1.2613390684127808
201,60,cvae,4,42,0.265625,0.3125,0.46296296296296297,1.0,9.664358139038086,1.4631693363189697
202,60,cvae,4,42,0.3203125,0.328125,0.42264957264957265,1.0,8.096097946166992,1.4211618900299072
203,60,cvae,4,42,0.59375,0.578125,0.5150462962962963,1.0,4.400487899780273,0.9625566601753235
204,60,cvae,4,42,0.390625,0.46875,0.43636363636363634,1.0,4.859763145446777,0.9517313838005066
205,60,cvae,4,42,0.375,0.484375,0.47058823529411764,1.0,6.195809364318848,1.0108370780944824
206,60,cvae,4,42,0.296875,0.328125,0.46875,1.0,8.252172470092773,1.2356863021850586
207,60,cvae,4,42,0.359375,0.40625,0.37767094017094016,1.0,3.8783822059631348,0.7286726832389832
208,60,cvae,4,42,0.296875,0.328125,0.4418604651162791,1.0,10.106846809387207,1.6992957592010498
209,60,cvae,4,42,0.296875,0.328125,0.4523809523809524,1.0,13.272523880004883,1.9536412954330444
210,60,cvae,4,42,0.3203125,0.3828125,0.4807692307692308,1.0,4.822905540466309,0.8191646337509155
211,60,cvae,4,42,0.3046875,0.3515625,0.4551115723923197,1.0,6.468014717102051,1.183430790901184
212,60,cvae,4,42,0.3125,0.328125,0.46808510638297873,1.0,7.255849838256836,1.2261576652526855
213,60,cvae,4,42,0.2578125,0.328125,0.4075091575091575,1.0,6.922797203063965,1.0573228597640991
214,60,cvae,4,42,0.3515625,0.3984375,0.5025,1.0,4.208993434906006,0.8534484505653381
215,60,cvae,4,42,0.40625,0.40625,0.5416666666666666,1.0,6.246829032897949,1.0958621501922607
216,60,cvae,4,42,0.390625,0.40625,0.5192080378250591,1.0,9.695816040039062,1.332141637802124
217,60,cvae,4,42,0.3046875,0.3203125,0.4633273703041145,1.0,5.010184288024902,0.9501709938049316
218,60,cvae,4,42,0.390625,0.4453125,0.45052083333333337,1.0,5.294908046722412,0.9072604775428772
219,60,cvae,4,42,0.328125,0.390625,0.49056603773584906,1.0,7.189165115356445,1.2265757322311401
220,60,cvae,4,42,0.3125,0.296875,0.48717948717948717,1.0,8.963489532470703,1.4462110996246338
221,60,cvae,4,42,0.265625,0.34375,0.38636363636363635,1.0,12.290752410888672,1.6932626962661743
222,60,cvae,4,42,0.390625,0.421875,0.4270833333333333,1.0,2.551319122314453,0.406548410654068
223,60,cvae,4,42,0.359375,0.59375,0.36538461538461536,1.0,5.848632335662842,1.1778573989868164
224,60,cvae,4,42,0.328125,0.4375,0.4375,1.0,4.250062942504883,0.7336815595626831
225,60,cvae,4,42,0.296875,0.484375,0.4117647058823529,1.0,4.415489196777344,0.8455141186714172
226,60,cvae,4,42,0.734375,0.59375,0.4375,1.0,4.962430953979492,0.8634997010231018
227,60,cvae,4,42,0.328125,0.546875,0.4166666666666667,1.0,6.866353511810303,1.19239342212677
228,60,cvae,4,42,0.3125,0.34375,0.4444444444444444,1.0,8.297342300415039,1.4343153238296509
229,60,cvae,4,42,0.3125,0.328125,0.4583333333333333,1.0,6.5684003829956055,1.0220834016799927
230,60,cvae,4,42,0.3671875,0.5390625,0.41604010025062654,1.0,4.4551191329956055,0.9146184325218201
231,60,cvae,4,42,0.265625,0.453125,0.3541666666666667,1.0,3.2709600925445557,0.6675052046775818
232,60,cvae,4,42,0.484375,0.4609375,0.4375,1.0,6.025186061859131,1.2340642213821411
233,60,cvae,4,42,0.390625,0.453125,0.5192307692307693,1.0,3.8154211044311523,0.8442347645759583
234,60,cvae,4,42,0.296875,0.453125,0.44375,1.0,5.245992660522461,0.9082031846046448
235,60,cvae,4,42,0.265625,0.40625,0.3847826086956522,1.0,4.865811347961426,1.0734962224960327
236,60,cvae,4,42,0.328125,0.53125,0.3508771929824561,1.0,6.928450584411621,1.3412350416183472
237,60,cvae,4,42,0.296875,0.390625,0.43333333333333335,1.0,6.341678619384766,1.3401432037353516
238,60,cvae,4,42,0.3359375,0.4296875,0.4340909090909091,1.0,7.096198081970215,1.1932666301727295
239,60,cvae,4,42,0.34375,0.4453125,0.48404255319148937,1.0,7.216750144958496,1.2895662784576416
240,60,cvae,4,42,0.328125,0.328125,0.4772727272727273,1.0,5.640860557556152,1.2530347108840942
241,60,cvae,4,42,0.390625,0.484375,0.5208333333333334,1.0,6.546483516693115,1.141410231590271
242,60,cvae,4,42,0.328125,0.359375,0.425,1.0,4.858955383300781,0.9920827746391296
243,60,cvae,4,42,0.359375,0.703125,0.30357142857142855,1.0,5.1397705078125,0.8898548483848572
244,60,cvae,4,42,0.5546875,0.5234375,0.5471097529921058,1.0,6.373018264770508,1.0640310049057007
245,60,cvae,4,42,0.359375,0.34375,0.38,1.0,6.125608921051025,1.1993340253829956
246,60,cvae,4,42,0.359375,0.453125,0.5,1.0,6.412989616394043,1.1591646671295166
247,60,cvae,4,42,0.390625,0.4375,0.5625,1.0,9.517292022705078,1.2471922636032104
248,60,cvae,4,42,0.328125,0.421875,0.41304347826086957,1.0,4.729617595672607,0.8955892324447632
249,60,cvae,4,42,0.265625,0.34375,0.38636363636363635,1.0,3.898164749145508,0.827765166759491
250,60,cvae,4,42,0.296875,0.3515625,0.43416721527320606,1.0,8.199945449829102,1.425696849822998
251,60,cvae,4,42,0.3515625,0.3671875,0.4935897435897436,1.0,6.985021114349365,1.1955164670944214
252,60,cvae,4,42,0.25,0.4375,0.34782608695652173,1.0,4.973511219024658,0.9481607675552368
253,60,cvae,4,42,0.375,0.359375,0.36585365853658536,1.0,9.295310974121094,1.178902268409729
254,60,cvae,4,42,0.359375,0.53125,0.3974358974358974,1.0,5.823941230773926,1.0296682119369507
255,60,cvae,4,42,0.296875,0.375,0.3953488372093023,1.0,4.94266414642334,1.0609461069107056
256,60,cvae,4,42,0.4921875,0.796875,0.36921482845959014,1.0,7.78496789932251,1.2487788200378418
257,60,cvae,4,42,0.296875,0.3359375,0.40285923753665687,1.0,7.34926700592041,1.1174317598342896
258,60,cvae,4,42,0.40625,0.484375,0.5416666666666666,1.0,6.397356033325195,1.0691667795181274
259,60,cvae,4,42,0.296875,0.421875,0.38762626262626265,1.0,4.3471174240112305,0.7677010893821716
260,60,cvae,4,42,0.375,0.390625,0.4658490566037736,1.0,6.744027614593506,1.1982208490371704
261,60,cvae,4,42,0.375,0.5,0.3541666666666667,1.0,6.4720458984375,1.2793012857437134
262,60,cvae,4,42,0.328125,0.359375,0.42,1.0,4.785400390625,0.8722161650657654
263,60,cvae,4,42,0.390625,0.4609375,0.557297499066816,1.0,6.926339149475098,1.2918775081634521
264,60,cvae,4,42,0.265625,0.265625,0.4318181818181818,1.0,11.95469856262207,1.575759768486023
265,60,cvae,4,42,0.3828125,0.5546875,0.4078389830508474,1.0,5.546283721923828,1.0786484479904175
266,60,cvae,4,42,0.296875,0.40625,0.390625,1.0,6.152318954467773,1.1850718259811401
267,60,cvae,4,42,0.390625,0.40625,0.45652173913043476,1.0,3.6662378311157227,0.7807861566543579
268,60,cvae,4,42,0.34375,0.359375,0.4782608695652174,1.0,4.675712585449219,0.8139985799789429
269,60,cvae,4,42,0.5,0.5,0.6022727272727273,1.0,4.525850296020508,0.8391643762588501
270,60,cvae,4,42,0.328125,0.421875,0.4444444444444444,1.0,7.036512851715088,1.415158748626709
271,60,cvae,4,42,0.375,0.3984375,0.4860426929392447,1.0,6.688365459442139,1.1400338411331177
272,60,cvae,4,42,0.28125,0.390625,0.4166666666666667,1.0,6.088287353515625,1.173008680343628
273,60,cvae,4,42,0.359375,0.4609375,0.3519736842105263,1.0,4.568202972412109,0.7149947881698608
274,60,cvae,4,42,0.328125,0.484375,0.4,1.0,4.216991424560547,0.8152492046356201
275,60,cvae,4,42,0.296875,0.3125,0.4375,1.0,7.954524993896484,1.3189421892166138
276,60,cvae,4,42,0.3125,0.53125,0.3173701298701299,1.0,3.917722702026367,0.6534667015075684
277,60,cvae,4,42,0.296875,0.375,0.38509316770186336,1.0,5.815946102142334,0.9040025472640991
278,60,cvae,4,42,0.296875,0.40625,0.3958333333333333,1.0,1.8864505290985107,0.47029322385787964
279,60,cvae,4,42,0.390625,0.4375,0.43103448275862066,1.0,4.266094207763672,0.8886979818344116
280,60,cvae,4,42,0.28125,0.390625,0.4226190476190476,1.0,11.16925048828125,1.5033937692642212
281,60,cvae,4,42,0.328125,0.296875,0.4375,1.0,4.85952615737915,0.9408671259880066
282,60,cvae,4,42,0.3125,0.359375,0.43478260869565216,1.0,5.461841583251953,1.0721912384033203
283,60,cvae,4,42,0.34375,0.421875,0.41025641025641024,1.0,13.681463241577148,1.8048902750015259
284,60,cvae,4,42,0.3828125,0.3984375,0.47372159090909094,1.0,6.162023544311523,1.1320692300796509
285,60,cvae,4,42,0.34375,0.3203125,0.47430555555555554,1.0,11.394797325134277,1.5424137115478516
286,60,cvae,4,42,0.328125,0.296875,0.4772727272727273,1.0,7.218466281890869,1.271133303642273
287,60,cvae,4,42,0.359375,0.3984375,0.46791666666666665,1.0,6.221086502075195,1.203962802886963
288,60,cvae,4,42,0.3125,0.40625,0.4375,1.0,8.053397178649902,1.2972307205200195
289,60,cvae,4,42,0.4375,0.59375,0.44166666666666665,1.0,5.382974147796631,1.0836306810379028
290,60,cvae,4,42,0.3671875,0.5078125,0.511969904240766,1.0,5.1217546463012695,0.8953250646591187
291,60,cvae,4,42,0.5234375,0.453125,0.5509572072072072,1.0,5.513033866882324,1.1140691041946411
292,60,cvae,4,42,0.34375,0.4609375,0.4625,1.0,7.408164978027344,1.295413851737976
293,60,cvae,4,42,0.3359375,0.3203125,0.4002659574468085,1.0,5.22322940826416,0.9767087697982788
294,60,cvae,4,42,0.515625,0.4375,0.525,1.0,6.626523017883301,1.0546824932098389
295,60,cvae,4,42,0.2734375,0.3125,0.4871456822676335,1.0,12.42923355102539,1.8588438034057617
296,60,cvae,4,42,0.3203125,0.375,0.43452380952380953,1.0,5.697125434875488,1.1077936887741089
297,60,cvae,4,42,0.296875,0.390625,0.4222222222222222,1.0,9.411746978759766,1.2998366355895996
298,60,cvae,4,42,0.296875,0.390625,0.5094339622641509,1.0,8.5625,1.1318984031677246
299,60,cvae,4,42,0.3125,0.421875,0.4375,1.0,5.825315475463867,0.933466911315918
300,60,cvae,4,42,0.328125,0.375,0.40384615384615385,1.0,11.025860786437988,1.5538139343261719
301,60,cvae,4,42,0.3359375,0.3671875,0.44333333333333336,1.0,7.722524642944336,1.5328980684280396
302,60,cvae,4,42,0.328125,0.3125,0.4772727272727273,1.0,8.481661796569824,1.525547742843628
303,60,cvae,4,42,0.296875,0.3125,0.4523809523809524,1.0,11.227680206298828,1.7441353797912598
304,60,cvae,4,42,0.3203125,0.4140625,0.43085585585585584,1.0,9.495366096496582,1.504644513130188
305,60,cvae,4,42,0.265625,0.34375,0.3541666666666667,1.0,8.869529724121094,1.3537791967391968
306,60,cvae,4,42,0.6328125,0.65625,0.5571428571428572,1.0,3.467179298400879,0.7679070830345154
307,60,cvae,4,42,0.3203125,0.3359375,0.41829004329004327,1.0,9.344306945800781,1.246500015258789
308,60,cvae,4,42,0.34375,0.34375,0.48936170212765956,1.0,7.524209022521973,1.1381924152374268
309,60,cvae,4,42,0.40625,0.375,0.48786066150598173,1.0,9.188945770263672,1.3286491632461548
310,60,cvae,4,42,0.453125,0.6484375,0.550740418118467,1.0,6.548779487609863,0.9586699604988098
311,60,cvae,4,42,0.328125,0.390625,0.42592592592592593,1.0,4.949317932128906,0.8448196053504944
312,60,cvae,4,42,0.3046875,0.2890625,0.4030448717948718,1.0,6.820241928100586,1.107614278793335
313,60,cvae,4,42,0.34375,0.359375,0.48958333333333337,1.0,8.466160774230957,1.2434611320495605
314,60,cvae,4,42,0.34375,0.3359375,0.4918859649122807,1.0,10.804093360900879,1.6347243785858154
315,60,cvae,4,42,0.390625,0.34375,0.46938775510204084,1.0,9.318624496459961,1.4672731161117554
316,60,cvae,4,42,0.34375,0.421875,0.48333333333333334,1.0,4.186097621917725,0.8636780381202698
317,60,cvae,4,42,0.40625,0.390625,0.5455712451861361,1.0,9.070566177368164,1.444594144821167
318,60,cvae,4,42,0.390625,0.46875,0.42592592592592593,1.0,5.292243003845215,1.01099693775177
319,60,cvae,4,42,0.296875,0.4375,0.4318181818181818,1.0,6.810810089111328,1.294644832611084
320,60,cvae,4,42,0.3515625,0.421875,0.4497252747252747,1.0,6.170206069946289,1.1146368980407715
321,60,cvae,4,42,0.25,0.234375,0.4782608695652174,1.0,10.077594757080078,1.8325542211532593
322,60,cvae,4,42,0.3203125,0.3828125,0.4494949494949495,1.0,7.925997734069824,1.4792311191558838
323,60,cvae,4,42,0.2890625,0.296875,0.41582406471183014,1.0,7.629112720489502,1.4551146030426025
324,60,cvae,4,42,0.265625,0.4375,0.38636363636363635,1.0,4.431850910186768,0.7946548461914062
325,60,cvae,4,42,0.296875,0.40625,0.36939102564102566,1.0,4.964393615722656,0.7916172742843628
326,60,cvae,4,42,0.328125,0.40625,0.4516651248843663,1.0,7.026816368103027,1.1922657489776611
327,60,cvae,4,42,0.296875,0.40625,0.4040806754221388,1.0,4.27699089050293,0.8154443502426147
328,60,cvae,4,42,0.4375,0.5078125,0.42321867321867324,1.0,6.408631801605225,1.101311445236206
329,60,cvae,4,42,0.3359375,0.3125,0.4898637947418435,1.0,6.5699357986450195,1.1957124471664429
330,60,cvae,4,42,0.359375,0.203125,0.46938775510204084,1.0,7.844250679016113,1.3625160455703735
331,60,cvae,4,42,0.265625,0.359375,0.40425531914893614,1.0,5.268984794616699,1.0686618089675903
332,60,cvae,4,42,0.640625,0.5625,0.640625,1.0,3.8184874057769775,0.6914013624191284
333,60,cvae,4,42,0.359375,0.4453125,0.40708333333333335,1.0,6.034221649169922,0.8988283276557922
334,60,cvae,4,42,0.453125,0.5,0.3953488372093023,1.0,9.154085159301758,1.5675033330917358
335,60,cvae,4,42,0.40625,0.453125,0.44270833333333337,1.0,5.557864189147949,1.0543434619903564
336,60,cvae,4,42,0.28125,0.28125,0.4642857142857143,1.0,7.486603736877441,1.297485113143921
337,60,cvae,4,42,0.375,0.4296875,0.42398403483309144,1.0,2.7693707942962646,0.6887577772140503
338,60,cvae,4,42,0.328125,0.3125,0.4642857142857143,1.0,8.4210844039917,1.480954885482788
339,60,cvae,4,42,0.3828125,0.375,0.4648809523809524,1.0,5.232374668121338,0.8581313490867615
340,60,cvae,4,42,0.296875,0.34375,0.4146341463414634,1.0,4.080717086791992,0.8117656111717224
341,60,cvae,4,42,0.328125,0.453125,0.3620689655172414,1.0,5.801002502441406,0.9538091421127319
342,60,cvae,4,42,0.296875,0.328125,0.425,1.0,7.795090675354004,1.3639198541641235
343,60,cvae,4,42,0.390625,0.421875,0.5434782608695652,1.0,9.647035598754883,1.3910417556762695
344,60,cvae,4,42,0.328125,0.3984375,0.42470355731225296,1.0,5.495669841766357,1.0412832498550415
345,60,cvae,4,42,0.3125,0.3125,0.47619047619047616,1.0,7.805251121520996,1.2632827758789062
346,60,cvae,4,42,0.3203125,0.4375,0.41836734693877553,1.0,7.627312660217285,1.3216283321380615
347,60,cvae,4,42,0.265625,0.484375,0.3611111111111111,1.0,3.4381113052368164,0.6049429774284363
348,60,cvae,4,42,0.3515625,0.484375,0.4245014245014245,1.0,6.198241710662842,1.2093708515167236
349,60,cvae,4,42,0.3046875,0.390625,0.43129432624113473,1.0,7.2138237953186035,1.169152855873108
350,60,cvae,4,42,0.390625,0.3359375,0.4207317073170732,1.0,4.719960689544678,1.0337955951690674
351,60,cvae,4,42,0.25,0.390625,0.3758599124452783,1.0,7.081874847412109,1.1715376377105713
352,60,cvae,4,42,0.3125,0.3359375,0.4292763157894737,1.0,6.401230812072754,1.1198006868362427
353,60,cvae,4,42,0.4375,0.484375,0.5042207792207792,1.0,5.476903915405273,1.1018508672714233
354,60,cvae,4,42,0.390625,0.46875,0.4716981132075472,1.0,4.305079460144043,0.8700451254844666
355,60,cvae,4,42,0.296875,0.4921875,0.3993055555555556,1.0,3.5029664039611816,0.6235408186912537
356,60,cvae,4,42,0.421875,0.3515625,0.5296153846153846,1.0,4.988555431365967,1.084229826927185
357,60,cvae,4,42,0.40625,0.421875,0.5,1.0,8.52940559387207,1.575219750404358
358,60,cvae,4,42,0.328125,0.34375,0.46,1.0,5.303077697753906,1.076513409614563
359,60,cvae,4,42,0.2890625,0.4375,0.3791891891891892,1.0,5.820497512817383,1.035011887550354
360,60,cvae,4,42,0.28125,0.359375,0.41462765957446807,1.0,9.946310043334961,1.3179975748062134
361,60,cvae,4,42,0.296875,0.390625,0.4682017543859649,1.0,6.1238603591918945,1.1104207038879395
362,60,cvae,4,42,0.375,0.453125,0.40791062801932365,1.0,5.044181823730469,0.8552664518356323
363,60,cvae,4,42,0.328125,0.46875,0.3695652173913043,1.0,4.463860511779785,0.9037985801696777
364,60,cvae,4,42,0.53125,0.796875,0.53125,1.0,4.75008487701416,0.8088161945343018
365,60,cvae,4,42,0.3984375,0.3515625,0.5212572674418605,1.0,5.44978141784668,1.0299514532089233
366,60,cvae,4,42,0.328125,0.3984375,0.4031818181818182,1.0,5.128028869628906,0.8555999994277954
367,60,cvae,4,42,0.328125,0.3125,0.46511627906976744,1.0,9.812057495117188,1.6567245721817017
368,60,cvae,4,42,0.265625,0.3125,0.425,1.0,5.8674421310424805,0.9838907718658447
369,60,cvae,4,42,0.28125,0.421875,0.3541666666666667,1.0,3.8633317947387695,0.8513859510421753
370,60,cvae,4,42,0.3125,0.390625,0.4594594594594595,1.0,8.837204933166504,1.3512396812438965
371,60,cvae,4,42,0.265625,0.359375,0.3958333333333333,1.0,7.245844841003418,1.1292868852615356
372,60,cvae,4,42,0.328125,0.375,0.40384615384615385,1.0,7.716632843017578,1.1383460760116577
373,60,cvae,4,42,0.359375,0.5,0.46153846153846156,1.0,5.076828479766846,0.9406599998474121
374,60,cvae,4,42,0.2890625,0.3671875,0.39059196617336156,1.0,5.790860176086426,0.8956111669540405
375,60,cvae,4,42,0.28125,0.328125,0.423728813559322,1.0,7.054978370666504,1.2350008487701416
376,60,cvae,4,42,0.265625,0.40625,0.34,1.0,4.790677547454834,0.8650604486465454
377,60,cvae,4,42,0.28125,0.3359375,0.3795918367346939,1.0,4.971189022064209,0.8839480876922607
378,60,cvae,4,42,0.328125,0.4375,0.44642857142857145,1.0,3.879971504211426,0.7843583226203918
379,60,cvae,4,42,0.3203125,0.265625,0.49481723949809053,1.0,9.993852615356445,1.7308154106140137
380,60,cvae,4,42,0.359375,0.5625,0.40350877192982454,1.0,3.6967434883117676,0.6612656712532043
381,60,cvae,4,42,0.328125,0.359375,0.4722222222222222,1.0,8.8426513671875,1.1103613376617432
382,60,cvae,4,42,0.328125,0.390625,0.46875,1.0,5.208527565002441,1.0074851512908936
383,60,cvae,4,42,0.328125,0.40625,0.40454545454545454,1.0,6.0375213623046875,1.0398370027542114
384,60,cvae,4,42,0.375,0.34375,0.4861111111111111,1.0,10.282209396362305,1.319441795349121
385,60,cvae,4,42,0.328125,0.3125,0.4482758620689655,1.0,7.3377532958984375,1.3413326740264893
386,60,cvae,4,42,0.5625,0.625,0.47074074074074074,1.0,2.9543402194976807,0.6814694404602051
387,60,cvae,4,42,0.34375,0.375,0.49019607843137253,1.0,9.832319259643555,1.4238615036010742
388,60,cvae,4,42,0.375,0.3984375,0.4691666666666666,1.0,3.9559576511383057,0.6659978032112122
389,60,cvae,4,42,0.3359375,0.4765625,0.4310897435897436,1.0,5.502253532409668,0.9267844557762146
390,60,cvae,4,42,0.3125,0.40625,0.45454545454545453,1.0,10.228751182556152,1.3826987743377686
391,60,cvae,4,42,0.28125,0.34375,0.4186046511627907,1.0,7.890409469604492,1.2923873662948608
392,60,cvae,4,42,0.34375,0.296875,0.4888888888888889,1.0,8.817505836486816,1.5540732145309448
393,60,cvae,4,42,0.3125,0.359375,0.44494047619047616,1.0,8.194465637207031,1.3468722105026245
394,60,cvae,4,42,0.359375,0.4453125,0.43386243386243384,1.0,5.131093502044678,1.0287195444107056
395,60,cvae,4,42,0.3125,0.34375,0.46511627906976744,1.0,5.713810920715332,0.9884052872657776
396,60,cvae,4,42,0.4765625,0.578125,0.5013706975327444,1.0,4.8678741455078125,0.9978389739990234
397,60,cvae,4,42,0.3984375,0.359375,0.5169671261930011,1.0,6.422346115112305,1.1191000938415527
398,60,cvae,4,42,0.328125,0.3984375,0.4365217391304348,1.0,5.530195713043213,1.0761926174163818
399,60,cvae,4,42,0.421875,0.4375,0.47558243727598565,1.0,5.079217910766602,0.9220491051673889
400,60,cvae,4,42,0.3125,0.375,0.425531914893617,1.0,4.904077053070068,0.8534694910049438
401,60,cvae,4,42,0.2734375,0.40625,0.3806818181818182,1.0,3.384577751159668,0.6160773634910583
402,60,cvae,4,42,0.359375,0.34375,0.46938775510204084,1.0,12.583514213562012,1.6972519159317017
403,60,cvae,4,42,0.2734375,0.3125,0.4202800361336947,1.0,6.089901924133301,0.9922516345977783
404,60,cvae,4,42,0.296875,0.34375,0.4318181818181818,1.0,4.930376052856445,1.1136106252670288
405,60,cvae,4,42,0.28125,0.375,0.39436619718309857,1.0,6.644590377807617,1.1330859661102295
406,60,cvae,4,42,0.4375,0.546875,0.49122807017543857,1.0,5.704894065856934,0.8709105849266052
407,60,cvae,4,42,0.359375,0.296875,0.425,1.0,8.554533958435059,1.3137644529342651
408,60,cvae,4,42,0.4296875,0.5,0.5681818181818181,1.0,7.549008369445801,1.2365171909332275
409,60,cvae,4,42,0.3671875,0.4375,0.4605263157894737,1.0,4.423140048980713,0.8180458545684814
410,60,cvae,4,42,0.28125,0.421875,0.40476190476190477,1.0,7.1071553230285645,1.1707571744918823
411,60,cvae,4,42,0.53125,0.5625,0.53125,1.0,6.041823387145996,1.1039586067199707
412,60,cvae,4,42,0.3125,0.4375,0.4909090909090909,1.0,6.954056739807129,1.261927843093872
413,60,cvae,4,42,0.359375,0.34375,0.4852825745682888,1.0,9.313674926757812,1.3692020177841187
414,60,cvae,4,42,0.421875,0.5,0.5185185185185185,1.0,5.225853443145752,1.0931062698364258
415,60,cvae,4,42,0.359375,0.453125,0.5166666666666667,1.0,5.504552364349365,0.8803912997245789
416,60,cvae,4,42,0.375,0.3671875,0.5640973630831643,1.0,10.435897827148438,1.4491764307022095
417,60,cvae,4,42,0.34375,0.3046875,0.4306625577812019,1.0,6.81403923034668,1.1727145910263062
418,60,cvae,4,42,0.296875,0.359375,0.45652173913043476,1.0,5.415309906005859,1.1989103555679321
419,60,cvae,4,42,0.265625,0.296875,0.3617021276595745,1.0,8.09542465209961,1.4957386255264282
420,60,cvae,4,42,0.4765625,0.4453125,0.5578231292517006,1.0,4.261710166931152,0.9899641871452332
421,60,cvae,4,42,0.3125,0.375,0.42391304347826086,1.0,6.759688377380371,1.4520206451416016
422,60,cvae,4,42,0.390625,0.421875,0.40384615384615385,1.0,4.146452903747559,0.8631003499031067
423,60,cvae,4,42,0.28125,0.390625,0.3235294117647059,1.0,5.645428657531738,1.0613532066345215
424,60,cvae,4,42,0.40625,0.4765625,0.4588963963963964,1.0,5.886305809020996,0.9617568254470825
425,60,cvae,4,42,0.3125,0.328125,0.4791666666666667,1.0,8.555702209472656,1.5659427642822266
426,60,cvae,4,42,0.265625,0.359375,0.3888888888888889,1.0,8.757556915283203,1.2672693729400635
427,60,cvae,4,42,0.296875,0.40625,0.3695652173913043,1.0,5.849949359893799,0.8868762850761414
428,60,cvae,4,42,0.328125,0.296875,0.5,1.0,14.536114692687988,1.7326055765151978
429,60,cvae,4,42,0.3125,0.453125,0.45454545454545453,1.0,6.35551118850708,0.9408277869224548
430,60,cvae,4,42,0.359375,0.46875,0.4868421052631579,1.0,4.484286308288574,0.8147112131118774
431,60,cvae,4,42,0.3046875,0.3046875,0.36324786324786323,1.0,8.598982810974121,1.4212929010391235
432,60,cvae,4,42,0.296875,0.375,0.43478260869565216,1.0,6.471952438354492,1.1194576025009155
433,60,cvae,4,42,0.328125,0.3125,0.48717948717948717,1.0,9.736539840698242,1.4354357719421387
434,60,cvae,4,42,0.375,0.375,0.3333333333333333,1.0,7.559505939483643,1.102912425994873
435,60,cvae,4,42,0.5,0.859375,0.4444444444444444,1.0,3.789118766784668,0.783008337020874
436,60,cvae,4,42,0.3125,0.375,0.4375,1.0,6.500903129577637,1.1603924036026
437,60,cvae,4,42,0.328125,0.328125,0.44680851063829785,1.0,9.888479232788086,1.7002344131469727
438,60,cvae,4,42,0.328125,0.5,0.4286723163841808,1.0,6.963578224182129,1.1965851783752441
439,60,cvae,4,42,0.296875,0.390625,0.3611111111111111,1.0,2.686431646347046,0.5759915709495544
440,60,cvae,4,42,0.3046875,0.390625,0.3415570175438597,1.0,4.2860894203186035,0.7610214352607727
441,60,cvae,4,42,0.359375,0.46875,0.5,1.0,3.8030624389648438,0.7723603844642639
442,60,cvae,4,42,0.3515625,0.4140625,0.450487012987013,1.0,7.145105838775635,1.3543826341629028
443,60,cvae,4,42,0.3203125,0.3515625,0.46477428180574554,1.0,8.35196590423584,1.1283518075942993
444,60,cvae,4,42,0.4375,0.5078125,0.44826713888186187,1.0,5.935334205627441,1.107017993927002
445,60,cvae,4,42,0.5859375,0.578125,0.4862520292207792,1.0,3.743252754211426,0.5862199068069458
446,60,cvae,4,42,0.28125,0.328125,0.4117647058823529,1.0,6.218995094299316,1.1429650783538818
447,60,cvae,4,42,0.3125,0.40625,0.4230769230769231,1.0,11.192049026489258,1.443582534790039
448,60,cvae,4,42,0.3046875,0.375,0.46875,1.0,7.11629581451416,1.0827100276947021
449,60,cvae,4,42,0.328125,0.4375,0.39473684210526316,1.0,4.903652191162109,0.8353119492530823
450,60,cvae,4,42,0.34375,0.40625,0.5,1.0,3.918414831161499,0.8312309384346008
451,60,cvae,4,42,0.265625,0.3984375,0.3737373737373737,1.0,3.468031883239746,0.49931538105010986
452,60,cvae,4,42,0.3359375,0.3828125,0.4807692307692308,1.0,9.096582412719727,1.2655563354492188
453,60,cvae,4,42,0.5703125,0.515625,0.5059523809523809,1.0,5.768170356750488,0.9585310220718384
454,60,cvae,4,42,0.3046875,0.4375,0.4165217391304348,1.0,5.47804594039917,1.027673363685608
455,60,cvae,4,42,0.2734375,0.3359375,0.3823809523809524,1.0,7.387624740600586,1.365145206451416
456,60,cvae,4,42,0.34375,0.390625,0.4334302325581395,1.0,4.844766616821289,1.0370173454284668
457,60,cvae,4,42,0.3046875,0.34375,0.45436507936507936,1.0,8.467090606689453,1.355665683746338
458,60,cvae,4,42,0.3515625,0.3359375,0.5,1.0,6.705305576324463,1.2090166807174683
459,60,cvae,4,42,0.40625,0.3359375,0.47214854111405835,1.0,6.907981872558594,1.2439498901367188
460,60,cvae,4,42,0.390625,0.34375,0.5681818181818182,1.0,6.603189468383789,1.1203193664550781
461,60,cvae,4,42,0.359375,0.40625,0.5,1.0,7.146029472351074,1.3633246421813965
462,60,cvae,4,42,0.3671875,0.3828125,0.4776785714285714,1.0,6.423797130584717,1.3615702390670776
463,60,cvae,4,42,0.328125,0.421875,0.3708791208791209,1.0,3.8089146614074707,0.8183044791221619
464,60,cvae,4,42,0.3125,0.296875,0.4725700655933214,1.0,6.604406356811523,1.1849137544631958
465,60,cvae,4,42,0.359375,0.3125,0.5555555555555556,1.0,11.656052589416504,1.338499665260315
466,60,cvae,4,42,0.34375,0.34375,0.45652173913043476,1.0,9.005927085876465,1.2983232736587524
467,60,cvae,4,42,0.453125,0.4453125,0.5574276222116754,1.0,9.819463729858398,1.3859883546829224
468,60,cvae,4,42,0.375,0.375,0.5454545454545454,1.0,6.869394302368164,1.2364723682403564
469,60,cvae,4,42,0.34375,0.40625,0.5626299376299376,1.0,11.389339447021484,1.2787891626358032
470,60,cvae,4,42,0.453125,0.46875,0.5471698113207547,1.0,5.6062774658203125,1.113070011138916
471,60,cvae,4,42,0.40625,0.390625,0.5102040816326531,1.0,8.193309783935547,1.4205780029296875
472,60,cvae,4,42,0.3203125,0.3984375,0.4344812164579607,1.0,3.8704872131347656,0.843407392501831
473,60,cvae,4,42,0.359375,0.46875,0.4583333333333333,1.0,6.139848232269287,0.954257071018219
474,60,cvae,4,42,0.390625,0.4140625,0.4653846153846154,1.0,4.702520370483398,0.7534034252166748
475,60,cvae,4,42,0.3359375,0.34375,0.5044037940379404,1.0,7.620969772338867,1.3660041093826294
476,60,cvae,4,42,0.28125,0.375,0.4090909090909091,1.0,9.687516212463379,1.5358577966690063
477,60,cvae,4,42,0.375,0.328125,0.4880952380952381,1.0,7.589299201965332,1.198672890663147
478,60,cvae,4,42,0.3203125,0.3515625,0.39743589743589747,1.0,10.12231731414795,1.4718214273452759
479,60,cvae,4,42,0.4140625,0.4296875,0.42880600516068496,1.0,5.1823601722717285,1.0069276094436646
480,60,cvae,4,42,0.3125,0.390625,0.4418604651162791,1.0,6.72574520111084,1.2548085451126099
481,60,cvae,4,42,0.5625,0.921875,0.6101694915254238,1.0,7.807812690734863,1.2485191822052002
482,60,cvae,4,42,0.25,0.3828125,0.4205685618729097,1.0,8.284345626831055,1.4075337648391724
483,60,cvae,4,42,0.3359375,0.3359375,0.4682926829268293,1.0,9.183151245117188,1.3596280813217163
484,60,cvae,4,42,0.265625,0.4375,0.37037037037037035,1.0,4.829559326171875,0.9895177483558655
485,60,cvae,4,42,0.28125,0.421875,0.40384615384615385,1.0,6.70575475692749,1.0119123458862305
486,60,cvae,4,42,0.2734375,0.390625,0.40069169960474305,1.0,3.2073769569396973,0.6839145421981812
487,60,cvae,4,42,0.734375,0.75,0.6097560975609756,1.0,2.673335313796997,0.5134750604629517
488,60,cvae,4,42,0.359375,0.46875,0.525,1.0,10.211799621582031,1.4973046779632568
489,60,cvae,4,42,0.3203125,0.3671875,0.47619047619047616,1.0,4.853274345397949,0.7678595185279846
490,60,cvae,4,42,0.28125,0.3828125,0.4008654602675059,1.0,6.751590728759766,1.0005873441696167
491,60,cvae,4,42,0.375,0.4140625,0.46863636363636363,1.0,6.7445292472839355,1.1718769073486328
492,60,cvae,4,42,0.265625,0.34375,0.45454545454545453,1.0,7.514225959777832,1.310951828956604
493,60,cvae,4,42,0.328125,0.40625,0.4231818181818182,1.0,4.445512771606445,0.8124041557312012
494,60,cvae,4,42,0.3125,0.328125,0.4523809523809524,1.0,7.358149528503418,1.3973959684371948
495,60,cvae,4,42,0.328125,0.375,0.4772727272727273,1.0,6.499991416931152,1.0712887048721313
496,60,cvae,4,42,0.3359375,0.625,0.42629716981132076,1.0,6.004483222961426,1.0579348802566528
497,60,cvae,4,42,0.3125,0.3828125,0.4364937388193202,1.0,7.697445869445801,1.3064379692077637
498,60,cvae,4,42,0.359375,0.578125,0.4084448160535117,1.0,3.5093889236450195,0.707167387008667
499,60,cvae,4,42,0.3046875,0.328125,0.3572351421188631,1.0,6.37262487411499,1.1238662004470825
500,60,cvae,4,42,0.4140625,0.609375,0.5104166666666667,1.0,6.939008712768555,0.9499102234840393
501,60,cvae,4,42,0.828125,0.53125,0.6116504854368932,1.0,4.3936567306518555,0.8509767055511475
502,60,cvae,4,42,0.34375,0.4765625,0.4232954545454546,1.0,5.210002899169922,0.8496978878974915
503,60,cvae,4,42,0.34375,0.328125,0.48214285714285715,1.0,5.076102256774902,0.9638920426368713
504,60,cvae,4,42,0.3359375,0.4375,0.4903846153846154,1.0,8.300296783447266,1.2613199949264526
505,60,cvae,4,42,0.296875,0.4375,0.40652173913043477,1.0,4.862684726715088,0.8125633001327515
506,60,cvae,4,42,0.359375,0.59375,0.35893719806763286,1.0,5.2615647315979,0.9295951128005981
507,60,cvae,4,42,0.328125,0.328125,0.5,1.0,9.977743148803711,1.7743686437606812
508,60,cvae,4,42,0.3046875,0.375,0.47583219334245325,1.0,6.102147579193115,1.0390820503234863
509,60,cvae,4,42,0.234375,0.34375,0.375,1.0,3.6955409049987793,0.7160505652427673
510,60,cvae,4,42,0.328125,0.34375,0.4791666666666667,1.0,7.4575700759887695,1.3786059617996216
511,60,cvae,4,42,0.296875,0.375,0.3879166666666667,1.0,6.232297897338867,1.0656116008758545
512,60,cvae,4,42,0.3359375,0.5625,0.3579545454545454,1.0,7.38416862487793,1.0886459350585938
513,60,cvae,4,42,0.328125,0.390625,0.4666666666666667,1.0,5.637081623077393,0.9296636581420898
514,60,cvae,4,42,0.3671875,0.359375,0.4128856624319419,1.0,7.396968841552734,1.3649795055389404
515,60,cvae,4,42,0.328125,0.4375,0.46551724137931033,1.0,4.178493976593018,0.766141414642334
516,60,cvae,4,42,0.40625,0.4453125,0.5208333333333333,1.0,5.155699729919434,0.9580684900283813
517,60,cvae,4,42,0.453125,0.484375,0.35185185185185186,1.0,5.644247055053711,0.8473274111747742
518,60,cvae,4,42,0.3125,0.453125,0.35714285714285715,1.0,7.271770000457764,1.106782078742981
519,60,cvae,4,42,0.390625,0.421875,0.5,1.0,5.377006530761719,1.068284034729004
520,60,cvae,4,42,0.375,0.3984375,0.49286786786786785,1.0,10.23965072631836,1.4601502418518066
521,60,cvae,4,42,0.328125,0.3515625,0.4450681635926223,1.0,9.64886474609375,1.451012134552002
522,60,cvae,4,42,0.3203125,0.390625,0.4280952380952381,1.0,15.015596389770508,1.814069390296936
523,60,cvae,4,42,0.3203125,0.3984375,0.36904761904761907,1.0,4.564167022705078,0.8397255539894104
524,60,cvae,4,42,0.40625,0.375,0.5454545454545454,1.0,10.475786209106445,1.8850889205932617
525,60,cvae,4,42,0.28125,0.3671875,0.36126373626373626,1.0,5.196393966674805,0.8650547862052917
526,60,cvae,4,42,0.3125,0.296875,0.4878048780487805,1.0,6.8328142166137695,1.2359323501586914
527,60,cvae,4,42,0.390625,0.34375,0.46296296296296297,1.0,6.468975067138672,1.2876230478286743
528,60,cvae,4,42,0.328125,0.3125,0.5,1.0,5.756766319274902,1.1097476482391357
529,60,cvae,4,42,0.296875,0.3359375,0.4467849223946785,1.0,8.421380996704102,1.4322845935821533
530,60,cvae,4,42,0.3203125,0.359375,0.45852272727272725,1.0,10.457443237304688,1.4068118333816528
531,60,cvae,4,42,0.375,0.390625,0.46875,1.0,4.503301620483398,0.8792096376419067
532,60,cvae,4,42,0.3984375,0.421875,0.484375,1.0,5.245287895202637,0.9240928888320923
533,60,cvae,4,42,0.265625,0.421875,0.391304347826087,1.0,6.328919410705566,1.2044461965560913
534,60,cvae,4,42,0.3359375,0.453125,0.4236111111111111,1.0,3.647667646408081,0.6974056959152222
535,60,cvae,4,42,0.3125,0.40625,0.3953488372093023,1.0,9.393792152404785,1.4941964149475098
536,60,cvae,4,42,0.28125,0.375,0.36660206718346255,1.0,3.5966663360595703,0.6938698887825012
537,60,cvae,4,42,0.296875,0.34375,0.4222222222222222,1.0,7.616918563842773,1.3758801221847534
538,60,cvae,4,42,0.390625,0.375,0.5079491255961844,1.0,7.3560590744018555,0.8812403678894043
539,60,cvae,4,42,0.28125,0.421875,0.3888888888888889,1.0,5.01189661026001,0.9628334641456604
540,60,cvae,4,42,0.296875,0.3984375,0.4608490566037736,1.0,6.778341293334961,1.110124111175537
541,60,cvae,4,42,0.359375,0.3125,0.4878048780487805,1.0,6.267125606536865,1.3515567779541016
542,60,cvae,4,42,0.375,0.46875,0.4057971014492754,1.0,3.7080368995666504,0.6907526850700378
543,60,cvae,4,42,0.390625,0.734375,0.4444444444444444,1.0,8.554963111877441,1.4515655040740967
544,60,cvae,4,42,0.3125,0.4375,0.4166666666666667,1.0,3.8408589363098145,0.6667209267616272
545,60,cvae,4,42,0.359375,0.390625,0.46875,1.0,6.862126350402832,1.368391752243042
546,60,cvae,4,42,0.3359375,0.3671875,0.5113877118644068,1.0,7.599681854248047,1.4519826173782349
547,60,cvae,4,42,0.375,0.46875,0.42857142857142855,1.0,7.177519798278809,1.4107073545455933
548,60,cvae,4,42,0.28125,0.359375,0.40625,1.0,11.666015625,1.6773854494094849
549,60,cvae,4,42,0.390625,0.5,0.41885964912280704,1.0,3.7282967567443848,0.7405293583869934
550,60,cvae,4,42,0.40625,0.765625,0.27654489586889724,1.0,4.668408393859863,0.9406734704971313
551,60,cvae,4,42,0.421875,0.5234375,0.47619047619047616,1.0,2.938227415084839,0.6711609363555908
552,60,cvae,4,42,0.296875,0.390625,0.36585365853658536,1.0,6.767326354980469,1.125816822052002
553,60,cvae,4,42,0.34375,0.3125,0.48863049095607236,1.0,9.019815444946289,1.3572784662246704
554,60,cvae,4,42,0.328125,0.3671875,0.4597222222222222,1.0,5.784852027893066,1.0735944509506226
555,60,cvae,4,42,0.390625,0.515625,0.44680851063829785,1.0,4.967146873474121,0.8899890184402466
556,60,cvae,4,42,0.453125,0.53125,0.35185185185185186,1.0,2.9024524688720703,0.5704745650291443
557,60,cvae,4,42,0.3671875,0.4765625,0.46529411764705886,1.0,6.394402503967285,1.1937739849090576
558,60,cvae,4,42,0.328125,0.4140625,0.4476190476190476,1.0,8.93286418914795,1.5130246877670288
559,60,cvae,4,42,0.609375,0.453125,0.5670731707317074,1.0,5.812933921813965,0.9713026881217957
560,60,cvae,4,42,0.390625,0.421875,0.5102040816326531,1.0,8.233723640441895,1.5031168460845947
561,60,cvae,4,42,0.3125,0.390625,0.425531914893617,1.0,6.292191505432129,1.0203458070755005
562,60,cvae,4,42,0.3046875,0.3359375,0.4375,1.0,8.28076171875,1.404374599456787
563,60,cvae,4,42,0.34375,0.359375,0.3948412698412698,1.0,5.572052001953125,0.8586869239807129
564,60,cvae,4,42,0.3125,0.4375,0.38028169014084506,1.0,6.86823034286499,1.2457540035247803
565,60,cvae,4,42,0.28125,0.328125,0.37777777777777777,1.0,8.891376495361328,1.362182378768921
566,60,cvae,4,42,0.3046875,0.5234375,0.4110015568240789,1.0,6.555222511291504,0.9293529391288757
567,60,cvae,4,42,0.328125,0.3828125,0.41035353535353536,1.0,3.778365135192871,0.8155823945999146
568,60,cvae,4,42,0.328125,0.390625,0.46774193548387094,1.0,5.457028865814209,1.000741958618164
569,60,cvae,4,42,0.40625,0.390625,0.503096479791395,1.0,11.099461555480957,1.8179965019226074
570,60,cvae,4,42,0.2890625,0.4453125,0.41875,1.0,3.3460938930511475,0.7148484587669373
571,60,cvae,4,42,0.265625,0.375,0.4146341463414634,1.0,5.8401360511779785,1.1772476434707642
572,60,cvae,4,42,0.3203125,0.4296875,0.411013986013986,1.0,6.2175188064575195,1.2687684297561646
573,60,cvae,4,42,0.421875,0.34375,0.5490196078431373,1.0,6.752681732177734,1.287554383277893
574,60,cvae,4,42,0.28125,0.40625,0.375,1.0,6.6588029861450195,1.1856967210769653
575,60,cvae,4,42,0.34375,0.3671875,0.5055555555555555,1.0,12.801492691040039,1.6786246299743652
576,60,cvae,4,42,0.5390625,0.46875,0.5855562784645413,1.0,10.321405410766602,1.4625269174575806
577,60,cvae,4,42,0.265625,0.375,0.40625,1.0,6.851526260375977,1.0332109928131104
578,60,cvae,4,42,0.296875,0.359375,0.4523809523809524,1.0,10.576345443725586,1.4948279857635498
579,60,cvae,4,42,0.328125,0.375,0.4375,1.0,5.311549663543701,0.827846109867096
580,60,cvae,4,42,0.296875,0.4453125,0.37318840579710144,1.0,4.576539993286133,0.8322839736938477
581,60,cvae,4,42,0.40625,0.421875,0.4782608695652174,1.0,4.281907081604004,0.7565210461616516
582,60,cvae,4,42,0.3359375,0.390625,0.464126559714795,1.0,6.569806098937988,1.0279639959335327
583,60,cvae,4,42,0.359375,0.46875,0.40795328142380427,1.0,6.075427055358887,1.1212090253829956
584,60,cvae,4,42,0.359375,0.390625,0.43176470588235294,1.0,11.566214561462402,1.5794776678085327
585,60,cvae,4,42,0.3046875,0.3203125,0.4584302325581395,1.0,6.953023910522461,1.3678796291351318
586,60,cvae,4,42,0.34375,0.375,0.46774193548387094,1.0,5.423169136047363,0.9241979718208313
587,60,cvae,4,42,0.28125,0.3984375,0.4030448717948718,1.0,5.47654390335083,0.9502285122871399
588,60,cvae,4,42,0.265625,0.4375,0.3541666666666667,1.0,2.9065628051757812,0.6696414351463318
589,60,cvae,4,42,0.296875,0.3671875,0.41914335664335667,1.0,5.380725860595703,0.8275108337402344
590,60,cvae,4,42,0.34375,0.6015625,0.349025974025974,1.0,2.9317665100097656,0.5345110893249512
591,60,cvae,4,42,0.328125,0.375,0.4583333333333333,1.0,5.374156951904297,0.9472370743751526
592,60,cvae,4,42,0.53125,0.390625,0.5573770491803278,1.0,10.200394630432129,1.652233600616455
593,60,cvae,4,42,0.265625,0.453125,0.425,1.0,9.798218727111816,1.257691502571106
594,60,cvae,4,42,0.421875,0.3515625,0.4914544820369724,1.0,7.132320404052734,1.2623953819274902
595,60,cvae,4,42,0.3671875,0.3984375,0.44578881206788185,1.0,8.214237213134766,1.5860027074813843
596,60,cvae,4,42,0.3125,0.328125,0.425531914893617,1.0,6.756638526916504,1.3761311769485474
597,60,cvae,4,42,0.265625,0.328125,0.3684210526315789,1.0,9.777656555175781,1.3897674083709717
598,60,cvae,4,42,0.453125,0.4296875,0.5672413793103448,1.0,5.909400939941406,1.0258342027664185
599,60,cvae,4,42,0.3125,0.4140625,0.44400199104031857,1.0,5.352583885192871,0.9700505137443542
600,60,cvae,4,42,0.390625,0.4921875,0.4962657232704403,1.0,5.756714820861816,0.9149669408798218
601,60,cvae,4,42,0.328125,0.390625,0.391304347826087,1.0,3.8633062839508057,0.8545325994491577
602,60,cvae,4,42,0.3203125,0.34375,0.4444444444444444,1.0,7.305773735046387,1.1210863590240479
603,60,cvae,4,42,0.375,0.3984375,0.4373401534526854,1.0,5.919273376464844,1.1974416971206665
604,60,cvae,4,42,0.4453125,0.421875,0.48710317460317465,1.0,6.762887001037598,0.8993821740150452
605,60,cvae,4,42,0.34375,0.5,0.4375,1.0,5.151845932006836,0.831244170665741
606,60,cvae,4,42,0.265625,0.421875,0.4666666666666667,1.0,6.189335823059082,1.1126680374145508
607,60,cvae,4,42,0.3671875,0.4765625,0.48090005232862376,1.0,7.572824001312256,1.2418550252914429
608,60,cvae,4,42,0.375,0.453125,0.39361702127659576,1.0,5.673977851867676,1.0309066772460938
609,60,cvae,4,42,0.28125,0.3125,0.4665718349928876,1.0,8.508855819702148,1.460018515586853
610,60,cvae,4,42,0.34375,0.484375,0.41333333333333333,1.0,7.73546028137207,1.108876347541809
611,60,cvae,4,42,0.296875,0.328125,0.4222222222222222,1.0,7.776829719543457,1.006568193435669
612,60,cvae,4,42,0.34375,0.4375,0.4230769230769231,1.0,8.45202922821045,1.3358441591262817
613,60,cvae,4,42,0.359375,0.453125,0.49136363636363634,1.0,5.500696182250977,1.009567141532898
614,60,cvae,4,42,0.4453125,0.609375,0.44010416666666663,1.0,3.6342339515686035,0.7870639562606812
615,60,cvae,4,42,0.3046875,0.3828125,0.42678571428571427,1.0,8.64019775390625,1.574100136756897
616,60,cvae,4,42,0.34375,0.4921875,0.4409722222222222,1.0,4.808419227600098,0.7938772439956665
617,60,cvae,4,42,0.3828125,0.3828125,0.5722972972972973,1.0,10.399985313415527,1.62384033203125
618,60,cvae,4,42,0.28125,0.3125,0.4090909090909091,1.0,5.928600788116455,1.0403114557266235
619,60,cvae,4,42,0.2890625,0.375,0.4562594268476622,1.0,8.269099235534668,1.2395004034042358
620,60,cvae,4,42,0.328125,0.3828125,0.47613636363636364,1.0,8.607795715332031,1.5158257484436035
621,60,cvae,4,42,0.4140625,0.3359375,0.4572727272727273,1.0,6.925016403198242,1.2422889471054077
622,60,cvae,4,42,0.28125,0.484375,0.38372093023255816,1.0,5.364544868469238,1.175611972808838
623,60,cvae,4,42,0.34375,0.3984375,0.4169526424159231,1.0,9.16519832611084,1.4905117750167847
624,60,cvae,4,42,0.2890625,0.3671875,0.42760047281323876,1.0,6.164761543273926,1.1813989877700806
625,60,cvae,4,42,0.3515625,0.3359375,0.46185064935064934,1.0,6.136811256408691,1.166125774383545
626,60,cvae,4,42,0.375,0.390625,0.503096479791395,1.0,5.94648551940918,1.210278034210205
627,60,cvae,4,42,0.34375,0.328125,0.4788732394366197,1.0,5.118164539337158,1.146163821220398
628,60,cvae,4,42,0.34375,0.3828125,0.43125,1.0,5.517372131347656,1.0117818117141724
629,60,cvae,4,42,0.3984375,0.484375,0.5026948590381426,1.0,6.174992084503174,0.9379035830497742
630,60,cvae,4,42,0.3046875,0.421875,0.42391304347826086,1.0,4.553633213043213,0.9020483493804932
631,60,cvae,4,42,0.3203125,0.3203125,0.45207033465683494,1.0,7.622062683105469,1.454405426979065
632,60,cvae,4,42,0.28125,0.40625,0.38311688311688313,1.0,8.906861305236816,1.7587699890136719
633,60,cvae,4,42,0.34375,0.375,0.41731974921630094,1.0,6.445714950561523,1.264704704284668
634,60,cvae,4,42,0.34375,0.375,0.4918032786885246,1.0,9.99843978881836,1.4783042669296265
635,60,cvae,4,42,0.296875,0.34375,0.38636363636363635,1.0,6.173274993896484,1.1257705688476562
636,60,cvae,4,42,0.421875,0.421875,0.46511627906976744,1.0,9.060142517089844,1.4466363191604614
637,60,cvae,4,42,0.34375,0.421875,0.446969696969697,1.0,5.908502578735352,1.0033440589904785
638,60,cvae,4,42,0.328125,0.40625,0.35789473684210527,1.0,4.128458023071289,0.7987582683563232
639,60,cvae,4,42,0.296875,0.34375,0.3879166666666667,1.0,7.348899841308594,1.2642347812652588
640,60,cvae,4,42,0.3125,0.40625,0.5405405405405406,1.0,8.045348167419434,1.1552670001983643
641,60,cvae,4,42,0.3125,0.375,0.4359090909090909,1.0,7.7562360763549805,1.1811527013778687
642,60,cvae,4,42,0.3515625,0.453125,0.436950146627566,1.0,7.0972795486450195,1.3487578630447388
643,60,cvae,4,42,0.3125,0.5078125,0.33958333333333335,1.0,1.666163682937622,0.36904004216194153
644,60,cvae,4,42,0.265625,0.4375,0.39473684210526316,1.0,3.3400940895080566,0.5525999665260315
645,60,cvae,4,42,0.3828125,0.515625,0.41875,1.0,6.589519023895264,1.1540143489837646
646,60,cvae,4,42,0.3125,0.359375,0.43478260869565216,1.0,14.366327285766602,1.7637553215026855
647,60,cvae,4,42,0.453125,0.484375,0.4782608695652174,1.0,4.686562538146973,0.8150902390480042
648,60,cvae,4,42,0.375,0.3359375,0.40531716417910446,1.0,7.682544708251953,1.2456300258636475
649,60,cvae,4,42,0.390625,0.546875,0.45751633986928103,1.0,4.593459606170654,0.8743740320205688
650,60,cvae,4,42,0.3203125,0.40625,0.5012012012012012,1.0,5.77227783203125,0.8856998085975647
651,60,cvae,4,42,0.4453125,0.4140625,0.4857804232804233,1.0,7.245427131652832,1.056278944015503
652,60,cvae,4,42,0.296875,0.328125,0.41304347826086957,1.0,14.372584342956543,1.9480243921279907
653,60,cvae,4,42,0.4296875,0.4921875,0.4782608695652174,1.0,4.3021240234375,0.8535507321357727
654,60,cvae,4,42,0.4296875,0.4453125,0.40482342807924204,1.0,4.1762542724609375,0.7649502754211426
655,60,cvae,4,42,0.328125,0.3125,0.4318181818181818,1.0,7.269847869873047,1.2635974884033203
656,60,cvae,4,42,0.359375,0.375,0.4825581395348837,1.0,7.712760925292969,1.4472161531448364
657,60,cvae,4,42,0.328125,0.4375,0.4506637168141593,1.0,7.6807861328125,1.2278711795806885
658,60,cvae,4,42,0.2578125,0.3125,0.37025703794369647,1.0,9.670308113098145,1.4454079866409302
659,60,cvae,4,42,0.4921875,0.65625,0.5190493468795356,1.0,8.537986755371094,1.1959677934646606
660,60,cvae,4,42,0.296875,0.328125,0.4594594594594595,1.0,7.0149312019348145,1.43584144115448
661,60,cvae,4,42,0.359375,0.375,0.421875,1.0,6.541414260864258,1.0329080820083618
662,60,cvae,4,42,0.3046875,0.3828125,0.3939393939393939,1.0,7.225762367248535,1.0432720184326172
663,60,cvae,4,42,0.390625,0.53125,0.43103448275862066,1.0,3.176443099975586,0.6590733528137207
664,60,cvae,4,42,0.359375,0.3359375,0.48402839396628217,1.0,6.664967060089111,1.0513889789581299
665,60,cvae,4,42,0.34375,0.421875,0.4583333333333333,1.0,6.36977481842041,1.0699596405029297
666,60,cvae,4,42,0.3203125,0.40625,0.5111111111111111,1.0,5.255974769592285,0.8661378026008606
667,60,cvae,4,42,0.3828125,0.5234375,0.4601293103448276,1.0,5.613890647888184,1.0673280954360962
668,60,cvae,4,42,0.3125,0.34375,0.4315159574468085,1.0,12.82861328125,1.8511813879013062
669,60,cvae,4,42,0.296875,0.265625,0.3782299741602067,1.0,10.650955200195312,1.8456361293792725
670,60,cvae,4,42,0.3125,0.359375,0.43478260869565216,1.0,5.9041314125061035,1.0522164106369019
671,60,cvae,4,42,0.5390625,0.53125,0.5436507936507937,1.0,5.594744682312012,1.0026582479476929
672,60,cvae,4,42,0.3125,0.359375,0.4722222222222222,1.0,8.228193283081055,1.3921774625778198
673,60,cvae,4,42,0.234375,0.2890625,0.3738095238095238,1.0,10.289734840393066,1.503043293952942
674,60,cvae,4,42,0.3046875,0.3671875,0.44261119081779055,1.0,4.639012813568115,0.9167864918708801
675,60,cvae,4,42,0.375,0.5625,0.5106382978723404,1.0,5.112156867980957,1.036617636680603
676,60,cvae,4,42,0.328125,0.3828125,0.47168857431749245,1.0,7.31685733795166,1.098903775215149
677,60,cvae,4,42,0.28125,0.4375,0.37933247753530164,1.0,6.791678428649902,1.1013036966323853
678,60,cvae,4,42,0.328125,0.375,0.38596491228070173,1.0,6.1362128257751465,1.0178192853927612
679,60,cvae,4,42,0.265625,0.359375,0.38666666666666666,1.0,7.29858922958374,1.3550125360488892
680,60,cvae,4,42,0.5859375,0.640625,0.5511363636363636,1.0,4.231187343597412,0.653483510017395
681,60,cvae,4,42,0.3203125,0.40625,0.41360294117647056,1.0,5.163640975952148,0.9295935034751892
682,60,cvae,4,42,0.34375,0.4140625,0.4072802197802198,1.0,5.4822492599487305,1.0814862251281738
683,60,cvae,4,42,0.3828125,0.359375,0.5692853246044736,1.0,5.851351737976074,1.10536527633667
684,60,cvae,4,42,0.34375,0.34375,0.39285714285714285,1.0,9.014335632324219,1.333435297012329
685,60,cvae,4,42,0.34375,0.34375,0.5263157894736842,1.0,5.123702526092529,1.195448637008667
686,60,cvae,4,42,0.3125,0.46875,0.37416666666666665,1.0,3.1877269744873047,0.6518963575363159
687,60,cvae,4,42,0.2890625,0.328125,0.3917112299465241,1.0,7.233898162841797,1.105116605758667
688,60,cvae,4,42,0.34375,0.3515625,0.47860962566844917,1.0,7.665376663208008,1.3659831285476685
689,60,cvae,4,42,0.359375,0.453125,0.48936170212765956,1.0,7.222421646118164,1.0922998189926147
690,60,cvae,4,42,0.28125,0.28125,0.49382716049382713,1.0,9.800640106201172,1.7757874727249146
691,60,cvae,4,42,0.359375,0.5078125,0.4791666666666667,1.0,4.385540962219238,0.9418630003929138
692,60,cvae,4,42,0.3515625,0.4375,0.46111111111111114,1.0,7.891300201416016,0.9408305883407593
693,60,cvae,4,42,0.2578125,0.40625,0.36126373626373626,1.0,5.099425792694092,0.8142804503440857
694,60,cvae,4,42,0.328125,0.4375,0.4666666666666667,1.0,6.732171058654785,1.1395666599273682
695,60,cvae,4,42,0.359375,0.421875,0.46153846153846156,1.0,5.489447116851807,0.8558267951011658
696,60,cvae,4,42,0.296875,0.3125,0.4166666666666667,1.0,7.948034286499023,1.2384881973266602
697,60,cvae,4,42,0.296875,0.4296875,0.4378205128205128,1.0,4.667511463165283,0.8337566256523132
698,60,cvae,4,42,0.265625,0.375,0.4339622641509434,1.0,7.9354448318481445,1.1998400688171387
699,60,cvae,4,42,0.3515625,0.328125,0.46371142981312474,1.0,10.470297813415527,1.5312271118164062
700,60,cvae,4,42,0.390625,0.3515625,0.4782608695652174,1.0,7.443406581878662,1.230281114578247
701,60,cvae,4,42,0.328125,0.390625,0.41087916499397836,1.0,7.670666694641113,1.1895405054092407
702,60,cvae,4,42,0.34375,0.3203125,0.4951020408163265,1.0,6.072322845458984,1.0432422161102295
703,60,cvae,4,42,0.296875,0.328125,0.5135135135135135,1.0,8.953315734863281,1.9400310516357422
704,60,cvae,4,42,0.328125,0.421875,0.40384615384615385,1.0,3.6621477603912354,0.7512239813804626
705,60,cvae,4,42,0.296875,0.390625,0.4291791791791792,1.0,6.774781703948975,1.0971027612686157
706,60,cvae,4,42,0.40625,0.40625,0.5121951219512195,1.0,7.007225513458252,1.1151775121688843
707,60,cvae,4,42,0.46875,0.4140625,0.4618725868725869,1.0,5.6493239402771,1.0877704620361328
708,60,cvae,4,42,0.28125,0.4140625,0.3804945054945055,1.0,4.161414623260498,0.7826597094535828
709,60,cvae,4,42,0.40625,0.78125,0.48148148148148145,1.0,5.7651495933532715,1.1164932250976562
710,60,cvae,4,42,0.375,0.40625,0.47619047619047616,1.0,7.628607749938965,1.0572477579116821
711,60,cvae,4,42,0.375,0.3984375,0.4796195652173913,1.0,6.415797233581543,1.244407057762146
712,60,cvae,4,42,0.28125,0.375,0.38461538461538464,1.0,9.09449577331543,1.4654691219329834
713,60,cvae,4,42,0.453125,0.46875,0.5106382978723404,1.0,4.700926780700684,0.9577531814575195
714,60,cvae,4,42,0.328125,0.3125,0.4722222222222222,1.0,6.678498268127441,1.0231126546859741
715,60,cvae,4,42,0.25,0.375,0.36363636363636365,1.0,13.192039489746094,1.4398144483566284
716,60,cvae,4,42,0.375,0.5078125,0.43171296296296297,1.0,3.6063952445983887,0.7567025423049927
717,60,cvae,4,42,0.359375,0.515625,0.40384615384615385,1.0,8.86461067199707,1.2902461290359497
718,60,cvae,4,42,0.3203125,0.3359375,0.32867132867132864,1.0,12.011556625366211,1.5795300006866455
719,60,cvae,4,42,0.359375,0.4921875,0.36284261715296195,1.0,6.172173500061035,0.9366229772567749
720,60,cvae,4,42,0.3125,0.453125,0.39285714285714285,1.0,5.36398983001709,1.0239346027374268
721,60,cvae,4,42,0.3125,0.4765625,0.375,1.0,6.054462909698486,1.0314102172851562
722,60,cvae,4,42,0.28125,0.4375,0.3891891891891892,1.0,3.8317532539367676,0.8051091432571411
723,60,cvae,4,42,0.2890625,0.3125,0.4481132075471698,1.0,10.273698806762695,1.4264280796051025
724,60,cvae,4,42,0.328125,0.390625,0.43127705627705626,1.0,8.400202751159668,1.1414172649383545
725,60,cvae,4,42,0.296875,0.46875,0.40384615384615385,1.0,5.206409454345703,0.8796026706695557
726,60,cvae,4,42,0.421875,0.328125,0.5025252525252526,1.0,9.086236953735352,1.4048850536346436
727,60,cvae,4,42,0.3125,0.4453125,0.38221153846153844,1.0,3.884176254272461,0.7156702280044556
728,60,cvae,4,42,0.375,0.3359375,0.46875,1.0,8.244521141052246,1.154038429260254
729,60,cvae,4,42,0.390625,0.46875,0.44642857142857145,1.0,8.146764755249023,1.4392238855361938
730,60,cvae,4,42,0.296875,0.375,0.40039929015084297,1.0,6.954494476318359,1.2227542400360107
731,60,cvae,4,42,0.375,0.46875,0.4402356902356902,1.0,4.5305328369140625,0.8773926496505737
732,60,cvae,4,42,0.65625,0.671875,0.5833333333333334,1.0,3.793423652648926,0.7307617664337158
733,60,cvae,4,42,0.3515625,0.4375,0.5358974358974359,1.0,5.3457932472229,0.9098363518714905
734,60,cvae,4,42,0.328125,0.359375,0.4375,1.0,7.582094192504883,1.3938701152801514
735,60,cvae,4,42,0.3359375,0.3984375,0.4919250645994832,1.0,9.890059471130371,1.4194743633270264
736,60,cvae,4,42,0.328125,0.4375,0.45112781954887216,1.0,5.443319320678711,1.098060131072998
737,60,cvae,4,42,0.296875,0.3125,0.4634146341463415,1.0,11.070348739624023,1.6399391889572144
738,60,cvae,4,42,0.484375,0.53125,0.5166666666666667,1.0,3.676635265350342,0.5971053838729858
739,60,cvae,4,42,0.28125,0.46875,0.38636363636363635,1.0,6.172687530517578,1.0115513801574707
740,60,cvae,4,42,0.2734375,0.3984375,0.41085868309587986,1.0,6.810561180114746,1.0403504371643066
741,60,cvae,4,42,0.3671875,0.3515625,0.4691666666666666,1.0,5.042251110076904,0.8698259592056274
742,60,cvae,4,42,0.390625,0.3125,0.5,1.0,6.497563362121582,1.247800350189209
743,60,cvae,4,42,0.265625,0.3125,0.4411764705882353,1.0,14.707489013671875,1.6835532188415527
744,60,cvae,4,42,0.3125,0.390625,0.4063852813852814,1.0,6.971631050109863,1.1150317192077637
745,60,cvae,4,42,0.265625,0.390625,0.4004988913525499,1.0,3.185877561569214,0.6529046893119812
746,60,cvae,4,42,0.484375,0.5,0.515625,1.0,4.893576145172119,0.7713571786880493
747,60,cvae,4,42,0.390625,0.6015625,0.521286231884058,1.0,5.342206001281738,0.8012832403182983
748,60,cvae,4,42,0.328125,0.390625,0.4791666666666667,1.0,10.55615520477295,1.5333771705627441
749,60,cvae,4,42,0.3828125,0.375,0.49570376432078556,1.0,6.524145126342773,1.1647443771362305
750,60,cvae,4,42,0.328125,0.421875,0.4772727272727273,1.0,5.745505332946777,1.114799976348877
751,60,cvae,4,42,0.328125,0.3671875,0.4030448717948718,1.0,9.582992553710938,1.163266897201538
752,60,cvae,4,42,0.40625,0.921875,0.313953488372093,1.0,5.602321147918701,0.9786514639854431
753,60,cvae,4,42,0.375,0.390625,0.4583333333333333,1.0,9.722368240356445,1.678006887435913
754,60,cvae,4,42,0.328125,0.328125,0.4470108695652174,1.0,6.509436130523682,1.0988547801971436
755,60,cvae,4,42,0.328125,0.328125,0.4583333333333333,1.0,8.963428497314453,1.455786943435669
756,60,cvae,4,42,0.2890625,0.375,0.446985446985447,1.0,6.417728424072266,1.0761061906814575
757,60,cvae,4,42,0.359375,0.421875,0.38636363636363635,1.0,5.611618995666504,0.9989733099937439
758,60,cvae,4,42,0.28125,0.34375,0.3680555555555556,1.0,5.198103904724121,0.9013920426368713
759,60,cvae,4,42,0.328125,0.4375,0.42,1.0,7.825294494628906,1.141433835029602
760,60,cvae,4,42,0.328125,0.328125,0.4523809523809524,1.0,9.095422744750977,1.0598514080047607
761,60,cvae,4,42,0.28125,0.328125,0.4186046511627907,1.0,12.641860961914062,1.7853320837020874
762,60,cvae,4,42,0.34375,0.3671875,0.47916666666666663,1.0,8.17868423461914,1.6636334657669067
763,60,cvae,4,42,0.328125,0.4375,0.39215686274509803,1.0,8.046104431152344,1.336187481880188
764,60,cvae,4,42,0.3125,0.34375,0.4482758620689655,1.0,7.8202409744262695,1.3895976543426514
765,60,cvae,4,42,0.2265625,0.359375,0.3829365079365079,1.0,7.823481559753418,1.1804618835449219
766,60,cvae,4,42,0.328125,0.421875,0.5121951219512195,1.0,7.297623634338379,1.2112549543380737
767,60,cvae,4,42,0.328125,0.375,0.46938775510204084,1.0,4.723915100097656,0.7664384841918945
768,60,cvae,4,42,0.3125,0.359375,0.43465909090909094,1.0,3.93613862991333,0.8083435893058777
769,60,cvae,4,42,0.3125,0.359375,0.4411764705882353,1.0,8.07441234588623,1.6281459331512451
770,60,cvae,4,42,0.328125,0.546875,0.4206730769230769,1.0,3.3761303424835205,0.6304699182510376
771,60,cvae,4,42,0.4453125,0.3828125,0.575165277378557,1.0,5.953046798706055,1.0887857675552368
772,60,cvae,4,42,0.34375,0.375,0.46511627906976744,1.0,8.735092163085938,1.2039767503738403
773,60,cvae,4,42,0.265625,0.375,0.37796442687747034,1.0,5.4471235275268555,0.9117217063903809
774,60,cvae,4,42,0.484375,0.4453125,0.5711864406779661,1.0,6.105710506439209,1.2115780115127563
775,60,cvae,4,42,0.46875,0.75,0.4166666666666667,1.0,3.449226140975952,0.623340904712677
776,60,cvae,4,42,0.296875,0.359375,0.4782608695652174,1.0,7.25166130065918,1.3179601430892944
777,60,cvae,4,42,0.3984375,0.546875,0.3735483870967742,1.0,5.462177276611328,1.272951602935791
778,60,cvae,4,42,0.953125,0.46875,0.6283783783783784,1.0,3.150902271270752,0.527820348739624
779,60,cvae,4,42,0.296875,0.40625,0.4222222222222222,1.0,7.457744121551514,1.3938186168670654
780,60,cvae,4,42,0.296875,0.484375,0.4222222222222222,1.0,5.546652793884277,0.8836644291877747
781,60,cvae,4,42,0.296875,0.3359375,0.4565217391304348,1.0,10.938652038574219,1.3640021085739136
782,60,cvae,4,42,0.265625,0.296875,0.4857142857142857,1.0,11.053104400634766,1.500792384147644
783,60,cvae,4,42,0.2734375,0.34375,0.34375,1.0,7.769707679748535,1.145795464515686
784,60,cvae,4,42,0.296875,0.359375,0.47368421052631576,1.0,6.812600135803223,1.2508331537246704
785,60,cvae,4,42,0.453125,0.546875,0.5686274509803921,1.0,4.5304765701293945,0.8877981901168823
786,60,cvae,4,42,0.34375,0.3515625,0.48376937984496127,1.0,6.831811904907227,1.1705752611160278
787,60,cvae,4,42,0.328125,0.484375,0.45652173913043476,1.0,3.8785319328308105,0.8071329593658447
788,60,cvae,4,42,0.34375,0.3984375,0.4373678646934461,1.0,4.709659576416016,0.8565544486045837
789,60,cvae,4,42,0.28125,0.3203125,0.41368421052631577,1.0,7.219818115234375,1.3464059829711914
790,60,cvae,4,42,0.328125,0.359375,0.5192307692307692,1.0,4.088913917541504,0.8353381156921387
791,60,cvae,4,42,0.484375,0.8125,0.375,1.0,5.323216915130615,0.9997410774230957
792,60,cvae,4,42,0.3125,0.4140625,0.4105731225296443,1.0,7.337662220001221,1.2117232084274292
793,60,cvae,4,42,0.265625,0.359375,0.38636363636363635,1.0,6.344077110290527,1.1099063158035278
794,60,cvae,4,42,0.28125,0.40625,0.3125,1.0,5.708017826080322,1.0123347043991089
795,60,cvae,4,42,0.390625,0.4140625,0.47718253968253965,1.0,4.338415145874023,0.8946482539176941
796,60,cvae,4,42,0.375,0.328125,0.5217391304347826,1.0,10.619054794311523,1.6207071542739868
797,60,cvae,4,42,0.2890625,0.3203125,0.4298913043478261,1.0,7.840204238891602,1.1059716939926147
798,60,cvae,4,42,0.328125,0.3828125,0.471969696969697,1.0,8.042317390441895,1.3891249895095825
799,60,cvae,4,42,0.46875,0.390625,0.576271186440678,1.0,4.110587120056152,0.8454861044883728
800,60,cvae,4,42,0.5,0.546875,0.47761194029850745,1.0,5.244693756103516,0.9418270587921143
801,60,cvae,4,42,0.296875,0.46875,0.41304347826086957,1.0,3.7431373596191406,0.6507761478424072
802,60,cvae,4,42,0.3125,0.3515625,0.43833333333333335,1.0,5.622958183288574,1.118156909942627
803,60,cvae,4,42,0.3125,0.375,0.42105263157894735,1.0,10.383810043334961,1.4600861072540283
804,60,cvae,4,42,0.328125,0.3203125,0.4954545454545455,1.0,10.299805641174316,1.3868539333343506
805,60,cvae,4,42,0.328125,0.359375,0.5017618040873855,1.0,8.910881996154785,1.3799550533294678
806,60,cvae,4,42,0.46875,0.4375,0.5867612293144208,1.0,5.728396415710449,1.002085566520691
807,60,cvae,4,42,0.3203125,0.421875,0.41941391941391937,1.0,7.324888229370117,1.2668737173080444
808,60,cvae,4,42,0.296875,0.40625,0.3541666666666667,1.0,3.642225742340088,0.8152976036071777
809,60,cvae,4,42,0.296875,0.328125,0.4594594594594595,1.0,11.526798248291016,1.6124751567840576
810,60,cvae,4,42,0.28125,0.40625,0.38636363636363635,1.0,4.513494491577148,0.7785113453865051
811,60,cvae,4,42,0.34375,0.3203125,0.4678442028985507,1.0,6.6216607093811035,1.2926032543182373
812,60,cvae,4,42,0.3125,0.40625,0.3960298742138365,1.0,5.620152950286865,0.8638037443161011
813,60,cvae,4,42,0.3671875,0.421875,0.4423076923076923,1.0,5.355247497558594,0.8714839816093445
814,60,cvae,4,42,0.3046875,0.3671875,0.35194091377533493,1.0,6.586203098297119,1.1490651369094849
815,60,cvae,4,42,0.3125,0.328125,0.43968023255813954,1.0,7.864058494567871,1.344244360923767
816,60,cvae,4,42,0.3359375,0.3828125,0.43126684636118595,1.0,5.8097357749938965,1.1702778339385986
817,60,cvae,4,42,0.3984375,0.609375,0.4532967032967033,1.0,6.333044528961182,1.1841639280319214
818,60,cvae,4,42,0.34375,0.546875,0.5,1.0,3.561687707901001,0.7221915125846863
819,60,cvae,4,42,0.421875,0.375,0.4915254237288136,1.0,4.973003387451172,0.8400208950042725
820,60,cvae,4,42,0.34375,0.4453125,0.4495192307692308,1.0,6.391829490661621,0.9003528952598572
821,60,cvae,4,42,0.28125,0.328125,0.45,1.0,6.535101890563965,1.3020308017730713
822,60,cvae,4,42,0.265625,0.296875,0.4583333333333333,1.0,7.48688268661499,1.3986537456512451
823,60,cvae,4,42,0.515625,0.765625,0.4393939393939394,1.0,3.2243781089782715,0.6599079370498657
824,60,cvae,4,42,0.328125,0.359375,0.42592592592592593,1.0,10.392388343811035,1.7492178678512573
825,60,cvae,4,42,0.359375,0.5,0.46,1.0,4.265264511108398,0.9210021495819092
826,60,cvae,4,42,0.296875,0.4453125,0.3854166666666667,1.0,5.47389030456543,1.1648128032684326
827,60,cvae,4,42,0.3828125,0.390625,0.4504830917874396,1.0,3.5780997276306152,0.6294816136360168
828,60,cvae,4,42,0.375,0.453125,0.41025641025641024,1.0,6.751479625701904,1.149266004562378
829,60,cvae,4,42,0.359375,0.390625,0.4,1.0,6.606655120849609,1.0488454103469849
830,60,cvae,4,42,0.3359375,0.4140625,0.43916666666666665,1.0,4.327190399169922,0.7416942119598389
831,60,cvae,4,42,0.328125,0.375,0.5,1.0,5.871482849121094,1.0810046195983887
832,60,cvae,4,42,0.375,0.3984375,0.46683673469387754,1.0,6.429094314575195,0.9657592177391052
833,60,cvae,4,42,0.3984375,0.3828125,0.5477777777777778,1.0,9.427797317504883,1.6663479804992676
834,60,cvae,4,42,0.34375,0.46875,0.4117647058823529,1.0,4.833198547363281,0.939631998538971
835,60,cvae,4,42,0.359375,0.359375,0.4791666666666667,1.0,7.257740497589111,1.1556299924850464
836,60,cvae,4,42,0.296875,0.375,0.4222222222222222,1.0,4.691546440124512,0.8209018111228943
837,60,cvae,4,42,0.328125,0.4375,0.43103448275862066,1.0,3.933892011642456,0.8207522034645081
838,60,cvae,4,42,0.2578125,0.359375,0.37514619883040934,1.0,6.810664653778076,1.2622350454330444
839,60,cvae,4,42,0.40625,0.53125,0.4032258064516129,1.0,4.694489002227783,0.9143874645233154
840,60,cvae,4,42,0.296875,0.375,0.4320413436692506,1.0,4.859025478363037,1.0567103624343872
841,60,cvae,4,42,0.390625,0.390625,0.45454545454545453,1.0,5.937872886657715,0.9622079730033875
842,60,cvae,4,42,0.390625,0.59375,0.4807692307692307,1.0,7.021345615386963,1.3708479404449463
843,60,cvae,4,42,0.3125,0.328125,0.43243243243243246,1.0,14.463820457458496,1.7606463432312012
844,60,cvae,4,42,0.328125,0.515625,0.45652173913043476,1.0,6.687253952026367,1.034734845161438
845,60,cvae,4,42,0.3125,0.375,0.4444444444444444,1.0,8.028610229492188,1.4300493001937866
846,60,cvae,4,42,0.28125,0.5234375,0.364090316977855,1.0,5.171195030212402,0.9447857141494751
847,60,cvae,4,42,0.265625,0.3671875,0.40568181818181814,1.0,5.7034196853637695,1.0583256483078003
848,60,cvae,4,42,0.390625,0.59375,0.4027777777777778,1.0,5.87913703918457,0.913255512714386
849,60,cvae,4,42,0.34375,0.4921875,0.3601190476190476,1.0,4.150310516357422,0.7179969549179077
850,60,cvae,4,42,0.296875,0.515625,0.4,1.0,3.8728387355804443,0.7410221695899963
851,60,cvae,4,42,0.296875,0.484375,0.26595744680851063,1.0,5.7151641845703125,0.9763289093971252
852,60,cvae,4,42,0.375,0.4375,0.46153846153846156,1.0,5.450887680053711,1.0050420761108398
853,60,cvae,4,42,0.3046875,0.3359375,0.433300395256917,1.0,6.174883842468262,1.2152063846588135
854,60,cvae,4,42,0.390625,0.5,0.5102040816326531,1.0,4.626070976257324,0.940450131893158
855,60,cvae,4,42,0.2734375,0.4296875,0.4023809523809524,1.0,4.4794721603393555,0.8408604264259338
856,60,cvae,4,42,0.375,0.46875,0.44358974358974357,1.0,4.2955498695373535,0.8245059847831726
857,60,cvae,4,42,0.328125,0.359375,0.47058823529411764,1.0,6.14018440246582,1.0331636667251587
858,60,cvae,4,42,0.3125,0.40625,0.475,1.0,8.020652770996094,1.1966173648834229
859,60,cvae,4,42,0.328125,0.34375,0.47058823529411764,1.0,5.839361190795898,0.970918595790863
860,60,cvae,4,42,0.265625,0.375,0.4166666666666667,1.0,6.387833118438721,0.8878327012062073
861,60,cvae,4,42,0.265625,0.4375,0.33231707317073167,1.0,5.625638961791992,1.0103392601013184
862,60,cvae,4,42,0.34375,0.359375,0.458041958041958,1.0,11.264837265014648,1.8800374269485474
863,60,cvae,4,42,0.515625,0.71875,0.3793103448275862,1.0,3.2840418815612793,0.5332061648368835
864,60,cvae,4,42,0.359375,0.46875,0.4074074074074074,1.0,3.9165215492248535,0.6744983196258545
865,60,cvae,4,42,0.28125,0.390625,0.4090909090909091,1.0,4.63223934173584,0.8433143496513367
866,60,cvae,4,42,0.3125,0.40625,0.5231729055258467,1.0,8.343350410461426,1.3132683038711548
867,60,cvae,4,42,0.4375,0.53125,0.5,1.0,5.280431270599365,1.0968612432479858
868,60,cvae,4,42,0.25,0.328125,0.4482758620689655,1.0,13.363624572753906,1.9868987798690796
869,60,cvae,4,42,0.2890625,0.40625,0.4330357142857143,1.0,7.670835971832275,1.267728328704834
870,60,cvae,4,42,0.4140625,0.4140625,0.49186440677966103,1.0,6.960254669189453,1.0883872509002686
871,60,cvae,4,42,0.328125,0.4375,0.4557692307692308,1.0,3.2249159812927246,0.6645631790161133
872,60,cvae,4,42,0.265625,0.5,0.425,1.0,11.917323112487793,1.515166997909546
873,60,cvae,4,42,0.4453125,0.3671875,0.5620464441219157,1.0,7.355559349060059,1.3344395160675049
874,60,cvae,4,42,0.296875,0.3671875,0.3931818181818182,1.0,8.75964069366455,1.2383416891098022
875,60,cvae,4,42,0.34375,0.4609375,0.4423076923076923,1.0,7.249545097351074,1.2353953123092651
876,60,cvae,4,42,0.34375,0.328125,0.4782608695652174,1.0,6.001381874084473,1.0360958576202393
877,60,cvae,4,42,0.328125,0.3125,0.49056603773584906,1.0,6.349213600158691,1.2558577060699463
878,60,cvae,4,42,0.390625,0.40625,0.52,1.0,9.711132049560547,1.731484293937683
879,60,cvae,4,42,0.296875,0.359375,0.43103448275862066,1.0,5.401386260986328,1.0316524505615234
880,60,cvae,4,42,0.3515625,0.4375,0.4880952380952381,1.0,6.174858093261719,1.1239763498306274
881,60,cvae,4,42,0.46875,0.359375,0.5740740740740741,1.0,7.40373420715332,1.498319387435913
882,60,cvae,4,42,0.3125,0.390625,0.4594594594594595,1.0,8.6561279296875,1.141825795173645
883,60,cvae,4,42,0.3046875,0.3828125,0.45833333333333337,1.0,4.610196590423584,0.8793177604675293
884,60,cvae,4,42,0.2734375,0.3203125,0.3998020781791192,1.0,9.31721305847168,1.5901023149490356
885,60,cvae,4,42,0.296875,0.375,0.4845238095238095,1.0,10.684415817260742,1.6042916774749756
886,60,cvae,4,42,0.5,0.59375,0.463768115942029,1.0,4.9740800857543945,0.8397440314292908
887,60,cvae,4,42,0.359375,0.40625,0.4873015873015873,1.0,8.976356506347656,1.3039942979812622
888,60,cvae,4,42,0.34375,0.421875,0.4365530303030303,1.0,4.925861358642578,0.9696561098098755
889,60,cvae,4,42,0.359375,0.671875,0.3625,1.0,5.988460540771484,0.878740668296814
890,60,cvae,4,42,0.40625,0.375,0.5833333333333334,1.0,8.891170501708984,1.5636322498321533
891,60,cvae,4,42,0.34375,0.484375,0.44680851063829785,1.0,8.480575561523438,1.2288316488265991
892,60,cvae,4,42,0.375,0.46875,0.4772727272727273,1.0,7.8052520751953125,1.1280125379562378
893,60,cvae,4,42,0.3203125,0.3515625,0.48757062146892655,1.0,10.122365951538086,1.5981025695800781
894,60,cvae,4,42,0.359375,0.3984375,0.4282758620689655,1.0,6.3912200927734375,1.2592452764511108
895,60,cvae,4,42,0.421875,0.390625,0.5510204081632653,1.0,6.899820804595947,1.2939643859863281
896,60,cvae,4,42,0.359375,0.359375,0.4339622641509434,1.0,8.412424087524414,1.2274752855300903
897,60,cvae,4,42,0.296875,0.375,0.40476190476190477,1.0,4.700854301452637,1.088271975517273
898,60,cvae,4,42,0.359375,0.40625,0.4883720930232558,1.0,4.184680938720703,0.7820903658866882
899,60,cvae,4,42,0.359375,0.453125,0.4098360655737705,1.0,6.040190696716309,1.0133192539215088
900,60,cvae,4,42,0.28125,0.28125,0.37129690585911784,1.0,9.201940536499023,1.551112413406372
901,60,cvae,4,42,0.265625,0.375,0.3562091503267974,1.0,6.660726547241211,1.1231807470321655
902,60,cvae,4,42,0.2578125,0.375,0.359515899383009,1.0,4.739663600921631,0.9968680739402771
903,60,cvae,4,42,0.390625,0.546875,0.44642857142857145,1.0,9.802774429321289,1.5849058628082275
904,60,cvae,4,42,0.3125,0.3828125,0.4265217391304348,1.0,4.996433258056641,1.1045502424240112
905,60,cvae,4,42,0.296875,0.4609375,0.3914576802507837,1.0,6.263516902923584,1.1515711545944214
906,60,cvae,4,42,0.34375,0.484375,0.3958333333333333,1.0,5.666897773742676,0.9152802228927612
907,60,cvae,4,42,0.28125,0.3125,0.46875,1.0,7.331339359283447,1.2246372699737549
908,60,cvae,4,42,0.328125,0.359375,0.5,1.0,9.29273796081543,1.3549120426177979
909,60,cvae,4,42,0.390625,0.421875,0.3469387755102041,1.0,7.590801239013672,1.219254493713379
910,60,cvae,4,42,0.4140625,0.3828125,0.5948717948717949,1.0,9.082866668701172,1.5481444597244263
911,60,cvae,4,42,0.359375,0.484375,0.5,1.0,4.274181365966797,0.8529103398323059
912,60,cvae,4,42,0.34375,0.59375,0.5392156862745098,1.0,4.87166690826416,0.848945140838623
913,60,cvae,4,42,0.34375,0.34375,0.4222222222222222,1.0,11.024171829223633,1.7703887224197388
914,60,cvae,4,42,0.3359375,0.3828125,0.49445031712473575,1.0,7.791376113891602,1.3457553386688232
915,60,cvae,4,42,0.34375,0.328125,0.5116279069767442,1.0,5.578596115112305,1.2576408386230469
916,60,cvae,4,42,0.296875,0.375,0.425,1.0,6.450145244598389,1.026341438293457
917,60,cvae,4,42,0.34375,0.4140625,0.45468085106382977,1.0,5.540503978729248,1.0668877363204956
918,60,cvae,4,42,0.296875,0.3671875,0.45113636363636367,1.0,7.626896858215332,1.4043164253234863
919,60,cvae,4,42,0.375,0.40625,0.46,1.0,5.028837203979492,0.8949868679046631
920,60,cvae,4,42,0.328125,0.4921875,0.3998397435897436,1.0,3.2758026123046875,0.7246736288070679
921,60,cvae,4,42,0.359375,0.484375,0.43103448275862066,1.0,4.562063217163086,0.748598039150238
922,60,cvae,4,42,0.3046875,0.3984375,0.46875,1.0,11.815511703491211,1.7281842231750488
923,60,cvae,4,42,0.328125,0.46875,0.4583333333333333,1.0,4.433682441711426,0.9143829941749573
924,60,cvae,4,42,0.25,0.3125,0.4166666666666667,1.0,6.792181015014648,1.1398011445999146
925,60,cvae,4,42,0.453125,0.4921875,0.5036290322580645,1.0,3.391183853149414,0.714690625667572
926,60,cvae,4,42,0.390625,0.4375,0.4222222222222222,1.0,6.596185684204102,1.226806402206421
927,60,cvae,4,42,0.625,0.515625,0.6349206349206349,1.0,5.205420970916748,1.089968204498291
928,60,cvae,4,42,0.28125,0.453125,0.30952380952380953,1.0,6.1439208984375,1.1057729721069336
929,60,cvae,4,42,0.34375,0.515625,0.47207991803278687,1.0,10.467010498046875,1.5887813568115234
930,60,cvae,4,42,0.328125,0.4296875,0.41034303534303534,1.0,4.658397674560547,0.9145541787147522
931,60,cvae,4,42,0.296875,0.359375,0.41304347826086957,1.0,6.396149635314941,1.2259347438812256
932,60,cvae,4,42,0.390625,0.4453125,0.520933014354067,1.0,5.047292232513428,0.9606273770332336
933,60,cvae,4,42,0.640625,0.578125,0.5394736842105263,1.0,8.007019996643066,0.8814573287963867
934,60,cvae,4,42,0.328125,0.46875,0.44246532156368223,1.0,5.330842018127441,1.0598558187484741
935,60,cvae,4,42,0.265625,0.3125,0.42857142857142855,1.0,9.957952499389648,1.2714598178863525
936,60,cvae,4,42,0.296875,0.359375,0.40384615384615385,1.0,7.17679500579834,1.5870513916015625
937,60,cvae,4,42,0.609375,0.3984375,0.6127858627858628,1.0,6.268796920776367,1.138880729675293
938,60,cvae,4,42,0.328125,0.390625,0.3918918918918919,1.0,6.758715629577637,1.2266329526901245
939,60,cvae,4,42,0.359375,0.484375,0.46,1.0,4.237614631652832,0.7077029347419739
940,60,cvae,4,42,0.390625,0.34375,0.5208333333333334,1.0,5.7571001052856445,1.0802781581878662
941,60,cvae,4,42,0.3125,0.296875,0.5128205128205128,1.0,19.906951904296875,2.347048759460449
942,60,cvae,4,42,0.3046875,0.3671875,0.42422360248447205,1.0,7.416067123413086,1.3362956047058105
943,60,cvae,4,42,0.359375,0.4375,0.4057971014492754,1.0,8.820076942443848,1.2084994316101074
944,60,cvae,4,42,0.2578125,0.3515625,0.43087121212121215,1.0,12.98093032836914,1.5872271060943604
945,60,cvae,4,42,0.2890625,0.375,0.4173913043478261,1.0,8.24763298034668,1.3882344961166382
946,60,cvae,4,42,0.4140625,0.515625,0.5362111292962357,1.0,6.580101490020752,1.1673798561096191
947,60,cvae,4,42,0.359375,0.4375,0.48173424327579284,1.0,9.557413101196289,1.5938619375228882
948,60,cvae,4,42,0.328125,0.359375,0.42,1.0,5.8156633377075195,1.0623527765274048
949,60,cvae,4,42,0.328125,0.46875,0.42,1.0,3.3142964839935303,0.6723781228065491
950,60,cvae,4,42,0.296875,0.375,0.475,1.0,4.020942211151123,0.7398760318756104
951,60,cvae,4,42,0.34375,0.34375,0.5,1.0,6.627599239349365,1.2120040655136108
952,60,cvae,4,42,0.328125,0.3046875,0.48863636363636365,1.0,7.033848762512207,1.1928766965866089
953,60,cvae,4,42,0.265625,0.421875,0.36,1.0,3.963045120239258,0.866651177406311
954,60,cvae,4,42,0.3203125,0.359375,0.4083333333333333,1.0,11.255317687988281,1.4118386507034302
955,60,cvae,4,42,0.3984375,0.4375,0.38636363636363635,1.0,3.6579647064208984,0.6343271732330322
956,60,cvae,4,42,0.359375,0.359375,0.4144230769230769,1.0,7.014339447021484,1.3582733869552612
957,60,cvae,4,42,0.296875,0.46875,0.3526923076923077,1.0,3.552325487136841,0.642630398273468
958,60,cvae,4,42,0.3125,0.3046875,0.5,1.0,8.048993110656738,1.494141697883606
959,60,cvae,4,42,0.5,0.78125,0.4375,1.0,4.369402885437012,0.7668967843055725
960,60,cvae,4,42,0.640625,0.609375,0.5857142857142857,1.0,3.4223952293395996,0.5970344543457031
961,60,cvae,4,42,0.3046875,0.34375,0.45549242424242425,1.0,4.016992092132568,0.8214261531829834
962,60,cvae,4,42,0.28125,0.328125,0.5,1.0,9.79387092590332,1.5063042640686035
963,60,cvae,4,42,0.328125,0.34375,0.509090909090909,1.0,9.306500434875488,1.5489202737808228
964,60,cvae,4,42,0.328125,0.453125,0.4117647058823529,1.0,5.45168399810791,1.0288481712341309
965,60,cvae,4,42,0.375,0.4765625,0.42708333333333337,1.0,4.080842018127441,0.8164466619491577
966,60,cvae,4,42,0.3515625,0.34375,0.5050556117290192,1.0,11.023595809936523,1.3516383171081543
967,60,cvae,4,42,0.265625,0.421875,0.3924903722721438,1.0,3.523548126220703,0.7818008661270142
968,60,cvae,4,42,0.28125,0.453125,0.37777777777777777,1.0,9.647621154785156,1.445021152496338
969,60,cvae,4,42,0.296875,0.390625,0.40384615384615385,1.0,5.287312984466553,1.093367576599121
970,60,cvae,4,42,0.296875,0.3359375,0.4117647058823529,1.0,5.637091159820557,0.9869815707206726
971,60,cvae,4,42,0.375,0.453125,0.45652173913043476,1.0,7.929604530334473,1.4419147968292236
972,60,cvae,4,42,0.328125,0.328125,0.5,1.0,8.36425495147705,1.3561040163040161
973,60,cvae,4,42,0.234375,0.46875,0.4444444444444444,1.0,5.449631690979004,0.9206764698028564
974,60,cvae,4,42,0.421875,0.4375,0.34177215189873417,1.0,7.893564224243164,1.117270827293396
975,60,cvae,4,42,0.390625,0.484375,0.4791666666666667,1.0,6.747895240783691,1.0985735654830933
976,60,cvae,4,42,0.3203125,0.3203125,0.5110119047619047,1.0,8.22120189666748,1.2123265266418457
977,60,cvae,4,42,0.2265625,0.3125,0.3516081871345029,1.0,6.786940574645996,1.3503340482711792
978,60,cvae,4,42,0.28125,0.3515625,0.4023809523809524,1.0,11.663398742675781,1.620699167251587
979,60,cvae,4,42,0.453125,0.53125,0.4393939393939394,1.0,4.107790470123291,0.7672595381736755
980,60,cvae,4,42,0.4375,0.703125,0.37333333333333335,1.0,4.4737348556518555,0.968908965587616
981,60,cvae,4,42,0.265625,0.328125,0.42857142857142855,1.0,5.6984758377075195,1.0491523742675781
982,60,cvae,4,42,0.34375,0.421875,0.45454545454545453,1.0,3.7507739067077637,0.8022271394729614
983,60,cvae,4,42,0.21875,0.34375,0.4,1.0,7.801403045654297,1.4404736757278442
984,60,cvae,4,42,0.3125,0.3671875,0.47154255319148936,1.0,6.264298915863037,1.1661708354949951
985,60,cvae,4,42,0.34375,0.453125,0.3831818181818182,1.0,4.044219970703125,0.6799368262290955
986,60,cvae,4,42,0.328125,0.421875,0.45416666666666666,1.0,4.848188400268555,1.0166726112365723
987,60,cvae,4,42,0.40625,0.5,0.5416666666666666,1.0,5.296550273895264,1.0966464281082153
988,60,cvae,4,42,0.34375,0.359375,0.5,1.0,6.676400184631348,1.388286828994751
989,60,cvae,4,42,0.3984375,0.34375,0.5505852842809364,1.0,6.178214073181152,1.2497307062149048
990,60,cvae,4,42,0.5,0.65625,0.45123456790123456,1.0,4.146326541900635,0.9354226589202881
991,60,cvae,4,42,0.390625,0.390625,0.46296296296296297,1.0,6.832018852233887,0.9872278571128845
992,60,cvae,4,42,0.2734375,0.3046875,0.4421542553191489,1.0,10.404623031616211,1.6582986116409302
993,60,cvae,4,42,0.3671875,0.4765625,0.5222222222222221,1.0,7.85684871673584,1.1784250736236572
994,60,cvae,4,42,0.328125,0.3046875,0.4683922349427576,1.0,9.368582725524902,1.629114031791687
995,60,cvae,4,42,0.3671875,0.4609375,0.4844812925170068,1.0,6.73486328125,1.3120614290237427
996,60,cvae,4,42,0.390625,0.515625,0.40384615384615385,1.0,4.838301658630371,0.8208507895469666
997,60,cvae,4,42,0.4609375,0.4921875,0.513157894736842,1.0,5.005993843078613,1.0973246097564697
998,60,cvae,4,42,0.3125,0.40625,0.4318181818181818,1.0,4.961159706115723,0.9036556482315063
999,60,cvae,4,42,0.2734375,0.375,0.36172218730358263,1.0,10.175457000732422,1.667144536972046
0,80,cvae,4,42,0.375,0.328125,0.5,1.0,8.502358436584473,1.721555233001709
1,80,cvae,4,42,0.34375,0.453125,0.40425531914893614,1.0,7.963003158569336,1.204271674156189
2,80,cvae,4,42,0.328125,0.46875,0.4942073170731708,1.0,5.904804229736328,1.2192994356155396
3,80,cvae,4,42,0.375,0.46875,0.5306122448979592,1.0,7.237910270690918,1.1674209833145142
4,80,cvae,4,42,0.3984375,0.4296875,0.4757575757575757,1.0,10.107882499694824,1.2980729341506958
5,80,cvae,4,42,0.328125,0.4765625,0.4619897959183673,1.0,6.159168243408203,0.9898834824562073
6,80,cvae,4,42,0.359375,0.3515625,0.4737179487179487,1.0,7.382791519165039,1.2152084112167358
7,80,cvae,4,42,0.4296875,0.4609375,0.4240816326530612,1.0,2.7979283332824707,0.52202308177948
8,80,cvae,4,42,0.390625,0.390625,0.5151515151515151,1.0,7.331429481506348,1.2487740516662598
9,80,cvae,4,42,0.3359375,0.2734375,0.5053191489361701,1.0,9.041410446166992,1.631329894065857
10,80,cvae,4,42,0.3359375,0.359375,0.5183139534883721,1.0,8.11097526550293,1.5700371265411377
11,80,cvae,4,42,0.359375,0.421875,0.5098039215686274,1.0,5.9617204666137695,0.8494396209716797
12,80,cvae,4,42,0.4296875,0.4453125,0.37460044258667324,1.0,6.685464859008789,1.0862396955490112
13,80,cvae,4,42,0.3046875,0.3359375,0.457002457002457,1.0,6.512994289398193,1.283080816268921
14,80,cvae,4,42,0.3359375,0.4453125,0.3633603238866397,1.0,5.052412033081055,0.9007341861724854
15,80,cvae,4,42,0.453125,0.4921875,0.5742147922998987,1.0,2.947148323059082,0.5671786665916443
16,80,cvae,4,42,0.3125,0.34375,0.46511627906976744,1.0,12.205163955688477,1.42486572265625
17,80,cvae,4,42,0.328125,0.34375,0.4375,1.0,7.712331295013428,1.4978440999984741
18,80,cvae,4,42,0.34375,0.421875,0.48404255319148937,1.0,5.101405143737793,0.7684207558631897
19,80,cvae,4,42,0.3515625,0.4921875,0.3876003568242641,1.0,4.105471611022949,0.9360040426254272
20,80,cvae,4,42,0.3125,0.3828125,0.3605769230769231,1.0,3.747943878173828,0.8146570324897766
21,80,cvae,4,42,0.296875,0.359375,0.44093023255813957,1.0,4.989140033721924,0.9109358191490173
22,80,cvae,4,42,0.34375,0.3125,0.5714285714285714,1.0,10.625587463378906,1.5939888954162598
23,80,cvae,4,42,0.625,0.609375,0.6016508367254636,1.0,4.18312931060791,0.8053523898124695
24,80,cvae,4,42,0.3984375,0.4453125,0.44275862068965516,1.0,3.600466728210449,0.7910357117652893
25,80,cvae,4,42,0.3984375,0.5390625,0.46303763440860213,1.0,3.090759754180908,0.6782321333885193
26,80,cvae,4,42,0.3125,0.328125,0.5,1.0,5.068894386291504,1.006921410560608
27,80,cvae,4,42,0.328125,0.46875,0.4117647058823529,1.0,3.7329063415527344,0.7353060841560364
28,80,cvae,4,42,0.28125,0.3515625,0.4023809523809524,1.0,7.296775817871094,1.0645910501480103
29,80,cvae,4,42,0.28125,0.453125,0.391304347826087,1.0,5.204431056976318,1.1104490756988525
30,80,cvae,4,42,0.28125,0.3203125,0.35416666666666663,1.0,4.836790084838867,0.9258603453636169
31,80,cvae,4,42,0.328125,0.3984375,0.4625850340136054,1.0,3.6239237785339355,0.8339173793792725
32,80,cvae,4,42,0.3125,0.296875,0.46808510638297873,1.0,5.111046314239502,1.0841103792190552
33,80,cvae,4,42,0.4765625,0.4453125,0.551224387806097,1.0,4.739823341369629,0.9361717700958252
34,80,cvae,4,42,0.2890625,0.3671875,0.4173407482305359,1.0,6.773704528808594,1.2710715532302856
35,80,cvae,4,42,0.34375,0.359375,0.4583333333333333,1.0,11.901243209838867,1.6147139072418213
36,80,cvae,4,42,0.359375,0.421875,0.4791666666666667,1.0,4.353083610534668,0.8330553770065308
37,80,cvae,4,42,0.328125,0.515625,0.425531914893617,1.0,4.759804725646973,0.9000206589698792
38,80,cvae,4,42,0.3125,0.3125,0.46875,1.0,11.131160736083984,1.9270304441452026
39,80,cvae,4,42,0.3203125,0.421875,0.47093023255813954,1.0,5.639079570770264,0.8821281790733337
40,80,cvae,4,42,0.34375,0.421875,0.5,1.0,4.219415187835693,0.907943606376648
41,80,cvae,4,42,0.3828125,0.4453125,0.48333333333333334,1.0,3.3066611289978027,0.7591105103492737
42,80,cvae,4,42,0.375,0.484375,0.4883720930232558,1.0,7.834922790527344,1.3071905374526978
43,80,cvae,4,42,0.421875,0.453125,0.5636363636363636,1.0,5.5603790283203125,0.9936701655387878
44,80,cvae,4,42,0.3515625,0.328125,0.4666666666666667,1.0,8.32379150390625,1.342545747756958
45,80,cvae,4,42,0.296875,0.34375,0.45333333333333337,1.0,7.452600479125977,1.350725531578064
46,80,cvae,4,42,0.390625,0.3671875,0.5012541806020067,1.0,7.974844932556152,1.4454256296157837
47,80,cvae,4,42,0.3984375,0.5546875,0.4901785714285714,1.0,7.040944576263428,1.071626901626587
48,80,cvae,4,42,0.375,0.46875,0.45098039215686275,1.0,4.969761848449707,0.9552619457244873
49,80,cvae,4,42,0.5625,0.640625,0.631578947368421,1.0,3.96073055267334,0.817283034324646
50,80,cvae,4,42,0.3046875,0.3203125,0.4645199761478831,1.0,8.863771438598633,1.461995005607605
51,80,cvae,4,42,0.328125,0.421875,0.47368421052631576,1.0,11.322376251220703,1.558223843574524
52,80,cvae,4,42,0.3984375,0.515625,0.5235870048954161,1.0,5.575619697570801,0.9078827500343323
53,80,cvae,4,42,0.359375,0.375,0.4506599622878693,1.0,5.704939842224121,1.0598292350769043
54,80,cvae,4,42,0.375,0.3671875,0.5545977011494253,1.0,8.86639404296875,1.6308153867721558
55,80,cvae,4,42,0.375,0.390625,0.5454545454545454,1.0,7.463649272918701,1.4335540533065796
56,80,cvae,4,42,0.4375,0.59375,0.43553268765133174,1.0,5.475259780883789,1.0902221202850342
57,80,cvae,4,42,0.296875,0.375,0.38636363636363635,1.0,4.7114973068237305,0.9196675419807434
58,80,cvae,4,42,0.3984375,0.4453125,0.518140589569161,1.0,3.744147539138794,0.7103809714317322
59,80,cvae,4,42,0.3515625,0.40625,0.4017857142857143,1.0,3.369086265563965,0.6734783053398132
60,80,cvae,4,42,0.34375,0.390625,0.48636363636363633,1.0,7.955965518951416,1.2873189449310303
61,80,cvae,4,42,0.4296875,0.484375,0.44298245614035087,1.0,7.068635940551758,1.5152010917663574
62,80,cvae,4,42,0.328125,0.46875,0.4791666666666667,1.0,3.757288932800293,0.7248080372810364
63,80,cvae,4,42,0.328125,0.421875,0.40919452887537994,1.0,3.6480517387390137,0.6837275624275208
64,80,cvae,4,42,0.34375,0.359375,0.5,1.0,6.387440204620361,1.0442402362823486
65,80,cvae,4,42,0.3671875,0.3359375,0.48315911730545874,1.0,7.598044395446777,1.3279153108596802
66,80,cvae,4,42,0.28125,0.296875,0.5138888888888888,1.0,9.672426223754883,1.3318052291870117
67,80,cvae,4,42,0.3203125,0.34375,0.4706959706959707,1.0,5.879101753234863,1.1102104187011719
68,80,cvae,4,42,0.328125,0.390625,0.48,1.0,5.985633373260498,0.9970158338546753
69,80,cvae,4,42,0.390625,0.359375,0.5,1.0,14.91427230834961,1.5212104320526123
70,80,cvae,4,42,0.296875,0.328125,0.45346320346320346,1.0,11.237756729125977,1.8076298236846924
71,80,cvae,4,42,0.3125,0.359375,0.4716981132075472,1.0,6.452478408813477,1.2722322940826416
72,80,cvae,4,42,0.390625,0.4375,0.46713286713286717,1.0,9.10491943359375,1.6002404689788818
73,80,cvae,4,42,0.359375,0.3984375,0.4564814814814815,1.0,7.757551193237305,1.274423360824585
74,80,cvae,4,42,0.375,0.46875,0.4666666666666667,1.0,5.215180397033691,1.126086711883545
75,80,cvae,4,42,0.3515625,0.5078125,0.3972634508348794,1.0,3.886770248413086,0.7982813715934753
76,80,cvae,4,42,0.375,0.359375,0.5005747126436781,1.0,8.583992004394531,1.3891832828521729
77,80,cvae,4,42,0.3046875,0.3671875,0.46920731707317076,1.0,8.10482406616211,1.397679328918457
78,80,cvae,4,42,0.3046875,0.390625,0.42251950947603123,1.0,5.486310958862305,0.9897864460945129
79,80,cvae,4,42,0.5234375,0.375,0.5823337679269882,1.0,6.629894256591797,1.2519325017929077
80,80,cvae,4,42,0.4140625,0.3984375,0.4519906323185011,1.0,5.225433349609375,0.9246202707290649
81,80,cvae,4,42,0.3125,0.4375,0.4146341463414634,1.0,4.151581287384033,0.670276403427124
82,80,cvae,4,42,0.375,0.453125,0.406060606060606,1.0,3.990957021713257,0.707985520362854
83,80,cvae,4,42,0.359375,0.4375,0.44871794871794873,1.0,5.725715637207031,1.075973391532898
84,80,cvae,4,42,0.2890625,0.390625,0.42826086956521736,1.0,4.9929399490356445,0.7938119173049927
85,80,cvae,4,42,0.328125,0.5078125,0.37906550618415025,1.0,5.005536079406738,0.8661253452301025
86,80,cvae,4,42,0.359375,0.53125,0.46938775510204084,1.0,8.010394096374512,1.3214130401611328
87,80,cvae,4,42,0.3359375,0.40625,0.4840748230535895,1.0,6.083279609680176,1.0169553756713867
88,80,cvae,4,42,0.328125,0.34375,0.44433448787728846,1.0,5.039281368255615,0.8179818391799927
89,80,cvae,4,42,0.359375,0.3828125,0.5397058823529413,1.0,6.447300910949707,1.21454656124115
90,80,cvae,4,42,0.375,0.453125,0.3546650717703349,1.0,3.4703612327575684,0.6583012938499451
91,80,cvae,4,42,0.359375,0.3515625,0.3917576961271102,1.0,7.286561965942383,1.4493268728256226
92,80,cvae,4,42,0.3984375,0.515625,0.4571428571428572,1.0,3.9077911376953125,0.8021520376205444
93,80,cvae,4,42,0.5625,0.6171875,0.5933223864258347,1.0,3.2642946243286133,0.6548917293548584
94,80,cvae,4,42,0.3125,0.328125,0.4523809523809524,1.0,7.865962028503418,1.5627260208129883
95,80,cvae,4,42,0.421875,0.375,0.4619920174165457,1.0,6.648656845092773,1.3015543222427368
96,80,cvae,4,42,0.3125,0.46875,0.4634146341463415,1.0,6.229897975921631,1.2746943235397339
97,80,cvae,4,42,0.328125,0.375,0.44680851063829785,1.0,5.766817569732666,0.8856385350227356
98,80,cvae,4,42,0.34375,0.375,0.47368421052631576,1.0,4.7984819412231445,0.8568135499954224
99,80,cvae,4,42,0.46875,0.53125,0.5,1.0,5.291882514953613,0.9709128141403198
100,80,cvae,4,42,0.484375,0.4140625,0.5170454545454546,1.0,5.215885639190674,0.796154797077179
101,80,cvae,4,42,0.28125,0.328125,0.4477730646871686,1.0,6.517825126647949,1.2764332294464111
102,80,cvae,4,42,0.453125,0.46875,0.5,1.0,4.93210506439209,0.9221131205558777
103,80,cvae,4,42,0.296875,0.3515625,0.49324324324324326,1.0,5.9348039627075195,1.1416857242584229
104,80,cvae,4,42,0.3046875,0.3671875,0.42049808429118773,1.0,10.312829971313477,1.4015393257141113
105,80,cvae,4,42,0.4140625,0.7578125,0.510334849111203,1.0,6.462649345397949,1.1071399450302124
106,80,cvae,4,42,0.34375,0.359375,0.4772727272727273,1.0,9.497550964355469,1.4730170965194702
107,80,cvae,4,42,0.34375,0.3515625,0.46444444444444444,1.0,8.513084411621094,1.3140060901641846
108,80,cvae,4,42,0.328125,0.5,0.39457070707070707,1.0,6.522222518920898,1.2091926336288452
109,80,cvae,4,42,0.421875,0.375,0.5178571428571429,1.0,7.857858657836914,1.4977070093154907
110,80,cvae,4,42,0.3828125,0.3671875,0.5306073648971784,1.0,6.771656036376953,1.2319672107696533
111,80,cvae,4,42,0.421875,0.5859375,0.438468992248062,1.0,3.1200475692749023,0.5815691947937012
112,80,cvae,4,42,0.3515625,0.328125,0.4980952380952381,1.0,6.310301780700684,1.263912558555603
113,80,cvae,4,42,0.296875,0.34375,0.43103448275862066,1.0,9.217814445495605,1.5228118896484375
114,80,cvae,4,42,0.28125,0.296875,0.43452380952380953,1.0,8.118795394897461,1.4287340641021729
115,80,cvae,4,42,0.265625,0.34375,0.46153846153846156,1.0,6.449357986450195,1.197606086730957
116,80,cvae,4,42,0.3125,0.40625,0.4011752136752137,1.0,4.436175346374512,0.7754636406898499
117,80,cvae,4,42,0.34375,0.34375,0.5454545454545454,1.0,6.172747611999512,1.0547071695327759
118,80,cvae,4,42,0.40625,0.46875,0.49206349206349204,1.0,4.366462230682373,1.012060284614563
119,80,cvae,4,42,0.296875,0.3515625,0.40826330532212884,1.0,6.441590785980225,1.125456690788269
120,80,cvae,4,42,0.359375,0.34375,0.5476190476190477,1.0,5.9794769287109375,1.0984126329421997
121,80,cvae,4,42,0.421875,0.3046875,0.5592948717948718,1.0,8.75301456451416,1.7584704160690308
122,80,cvae,4,42,0.3515625,0.484375,0.43246753246753245,1.0,2.964643955230713,0.6096301078796387
123,80,cvae,4,42,0.3125,0.34375,0.43478260869565216,1.0,5.73105525970459,0.9969977736473083
124,80,cvae,4,42,0.3125,0.359375,0.5,1.0,5.783773422241211,1.1031625270843506
125,80,cvae,4,42,0.328125,0.421875,0.45652173913043476,1.0,2.4159553050994873,0.5208984613418579
126,80,cvae,4,42,0.34375,0.34375,0.4838709677419355,1.0,7.83896541595459,1.3915441036224365
127,80,cvae,4,42,0.3515625,0.3203125,0.46557878633350336,1.0,4.286777496337891,0.7758595943450928
128,80,cvae,4,42,0.3203125,0.3828125,0.40219484020023105,1.0,8.380266189575195,1.2348090410232544
129,80,cvae,4,42,0.3515625,0.390625,0.4093281148075668,1.0,4.554052829742432,0.9720743298530579
130,80,cvae,4,42,0.296875,0.34375,0.48717948717948717,1.0,7.072522163391113,1.3094134330749512
131,80,cvae,4,42,0.3125,0.34375,0.4418604651162791,1.0,12.108942031860352,1.5113283395767212
132,80,cvae,4,42,0.453125,0.453125,0.5370370370370371,1.0,5.318493843078613,1.189072847366333
133,80,cvae,4,42,0.390625,0.453125,0.6363636363636364,1.0,6.533223628997803,1.1189688444137573
134,80,cvae,4,42,0.28125,0.40625,0.4230769230769231,1.0,9.53328800201416,1.528420329093933
135,80,cvae,4,42,0.40625,0.40625,0.48148148148148145,1.0,5.030584335327148,0.8523334264755249
136,80,cvae,4,42,0.34375,0.421875,0.4642857142857143,1.0,5.758145332336426,0.8670194149017334
137,80,cvae,4,42,0.328125,0.40625,0.42857142857142855,1.0,5.841425895690918,1.008946180343628
138,80,cvae,4,42,0.3125,0.390625,0.45454545454545453,1.0,7.989853382110596,1.4149291515350342
139,80,cvae,4,42,0.4140625,0.34375,0.5826086956521739,1.0,5.397617816925049,1.042456030845642
140,80,cvae,4,42,0.34375,0.3984375,0.4290909090909091,1.0,3.6038498878479004,0.6780933141708374
141,80,cvae,4,42,0.421875,0.71875,0.38028169014084506,1.0,4.260866165161133,0.8198400735855103
142,80,cvae,4,42,0.3125,0.328125,0.4186046511627907,1.0,8.35677719116211,1.381737470626831
143,80,cvae,4,42,0.8359375,0.4140625,0.6530566711289603,1.0,5.45208740234375,1.0227986574172974
144,80,cvae,4,42,0.8359375,0.359375,0.6565335753176044,1.0,3.9182801246643066,0.690641462802887
145,80,cvae,4,42,0.328125,0.3984375,0.46999205087440377,1.0,8.398624420166016,1.6251869201660156
146,80,cvae,4,42,0.3203125,0.4140625,0.43557312252964425,1.0,3.6290087699890137,0.7537213563919067
147,80,cvae,4,42,0.390625,0.34375,0.5454545454545454,1.0,5.870931625366211,1.1583904027938843
148,80,cvae,4,42,0.53125,0.4296875,0.5031146179401993,1.0,4.975536346435547,0.9212198853492737
149,80,cvae,4,42,0.328125,0.328125,0.4740384615384615,1.0,9.162109375,1.4964467287063599
150,80,cvae,4,42,0.4375,0.53125,0.4090909090909091,1.0,6.687315940856934,0.8847688436508179
151,80,cvae,4,42,0.390625,0.46875,0.5,1.0,4.350104331970215,0.7997190356254578
152,80,cvae,4,42,0.484375,0.5234375,0.4903846153846154,1.0,4.7503509521484375,0.9304535388946533
153,80,cvae,4,42,0.28125,0.3828125,0.3865914786967418,1.0,3.9463648796081543,0.8017146587371826
154,80,cvae,4,42,0.4765625,0.5546875,0.46590909090909094,1.0,6.629499912261963,1.0387152433395386
155,80,cvae,4,42,0.328125,0.421875,0.45652173913043476,1.0,6.585522651672363,1.0583100318908691
156,80,cvae,4,42,0.453125,0.46875,0.5333333333333333,1.0,7.733535289764404,1.3236141204833984
157,80,cvae,4,42,0.3671875,0.71875,0.36817738791423005,1.0,12.087130546569824,1.8404185771942139
158,80,cvae,4,42,0.328125,0.453125,0.41509433962264153,1.0,5.383806228637695,1.0054731369018555
159,80,cvae,4,42,0.2734375,0.3515625,0.4238782051282051,1.0,6.860865116119385,1.2399383783340454
160,80,cvae,4,42,0.328125,0.4375,0.5344827586206896,1.0,9.029037475585938,1.2248727083206177
161,80,cvae,4,42,0.3515625,0.453125,0.5197172619047619,1.0,6.032700538635254,0.9048640131950378
162,80,cvae,4,42,0.3125,0.375,0.4444444444444444,1.0,7.890361785888672,1.471717119216919
163,80,cvae,4,42,0.296875,0.40625,0.36538461538461536,1.0,5.945981025695801,1.1244183778762817
164,80,cvae,4,42,0.296875,0.3359375,0.47093023255813954,1.0,4.986780643463135,1.024954080581665
165,80,cvae,4,42,0.4609375,0.625,0.47750000000000004,1.0,4.272635459899902,0.8152974247932434
166,80,cvae,4,42,0.4921875,0.6015625,0.4733893557422969,1.0,3.941136598587036,0.8063225150108337
167,80,cvae,4,42,0.359375,0.375,0.5121951219512195,1.0,5.0378193855285645,0.8944732546806335
168,80,cvae,4,42,0.34375,0.421875,0.4358974358974359,1.0,9.006689071655273,1.601321816444397
169,80,cvae,4,42,0.40625,0.3359375,0.4168776371308017,1.0,7.556938171386719,1.0983294248580933
170,80,cvae,4,42,0.28125,0.296875,0.38461538461538464,1.0,6.9280266761779785,1.179514765739441
171,80,cvae,4,42,0.359375,0.421875,0.49056603773584906,1.0,8.51846694946289,1.4305402040481567
172,80,cvae,4,42,0.3828125,0.4296875,0.5217687074829932,1.0,7.469210624694824,1.45248281955719
173,80,cvae,4,42,0.4453125,0.515625,0.49369747899159666,1.0,5.347159385681152,0.8021641373634338
174,80,cvae,4,42,0.328125,0.3125,0.5,1.0,5.60627555847168,1.0571842193603516
175,80,cvae,4,42,0.390625,0.515625,0.44642857142857145,1.0,4.3129191398620605,0.886218786239624
176,80,cvae,4,42,0.375,0.5,0.5217714002968827,1.0,4.842927932739258,0.9932467937469482
177,80,cvae,4,42,0.484375,0.453125,0.52,1.0,6.653197288513184,1.0472447872161865
178,80,cvae,4,42,0.328125,0.328125,0.4897959183673469,1.0,9.600228309631348,1.4060529470443726
179,80,cvae,4,42,0.375,0.359375,0.4230769230769231,1.0,7.376951217651367,1.3081085681915283
180,80,cvae,4,42,0.359375,0.421875,0.4791666666666667,1.0,5.185754776000977,0.747194766998291
181,80,cvae,4,42,0.3671875,0.453125,0.4342857142857143,1.0,6.121291637420654,1.3204041719436646
182,80,cvae,4,42,0.375,0.6328125,0.3305785123966942,1.0,4.350358009338379,0.7852761745452881
183,80,cvae,4,42,0.3203125,0.4375,0.40507364975450083,1.0,3.8308348655700684,0.7881296873092651
184,80,cvae,4,42,0.390625,0.5078125,0.40548245614035083,1.0,6.174185752868652,1.1480809450149536
185,80,cvae,4,42,0.3046875,0.3515625,0.4358974358974359,1.0,8.325248718261719,1.349639654159546
186,80,cvae,4,42,0.3046875,0.3671875,0.5,1.0,7.003388404846191,1.3232206106185913
187,80,cvae,4,42,0.53125,0.5625,0.6125,1.0,3.2601475715637207,0.6146098971366882
188,80,cvae,4,42,0.296875,0.34375,0.41304347826086957,1.0,6.130346298217773,1.117885947227478
189,80,cvae,4,42,0.3125,0.3359375,0.41883116883116883,1.0,4.877545356750488,0.9609103202819824
190,80,cvae,4,42,0.3203125,0.359375,0.3908119658119658,1.0,7.497585296630859,1.108947992324829
191,80,cvae,4,42,0.3125,0.375,0.46511627906976744,1.0,5.677152156829834,1.0618667602539062
192,80,cvae,4,42,0.390625,0.5,0.5,1.0,3.3113555908203125,0.5938006639480591
193,80,cvae,4,42,0.3515625,0.375,0.47384751773049644,1.0,9.378703117370605,1.5905128717422485
194,80,cvae,4,42,0.5078125,0.46875,0.5505747126436782,1.0,4.198159217834473,0.8728715777397156
195,80,cvae,4,42,0.4140625,0.3671875,0.5052790346907994,1.0,5.052745819091797,0.928880512714386
196,80,cvae,4,42,0.375,0.421875,0.525,1.0,3.9998741149902344,0.7768579125404358
197,80,cvae,4,42,0.34375,0.5,0.46808510638297873,1.0,6.075738906860352,1.193957805633545
198,80,cvae,4,42,0.3046875,0.328125,0.4270516717325228,1.0,7.365947723388672,1.3507018089294434
199,80,cvae,4,42,0.359375,0.34375,0.5277777777777778,1.0,6.140984535217285,1.2098804712295532
200,80,cvae,4,42,0.515625,0.484375,0.5,1.0,6.396534442901611,1.2942532300949097
201,80,cvae,4,42,0.328125,0.3125,0.4727272727272727,1.0,10.386873245239258,1.5747579336166382
202,80,cvae,4,42,0.359375,0.328125,0.4817073170731707,1.0,8.317255020141602,1.4546433687210083
203,80,cvae,4,42,0.5546875,0.578125,0.4932708483537611,1.0,4.571624279022217,0.9682331085205078
204,80,cvae,4,42,0.390625,0.5,0.4528301886792453,1.0,5.139086723327637,1.0053821802139282
205,80,cvae,4,42,0.375,0.4453125,0.4427659574468085,1.0,6.068030834197998,1.0156619548797607
206,80,cvae,4,42,0.375,0.328125,0.46190476190476193,1.0,8.140951156616211,1.2582266330718994
207,80,cvae,4,42,0.328125,0.40625,0.46,1.0,3.727921724319458,0.6722556352615356
208,80,cvae,4,42,0.296875,0.328125,0.42032967032967034,1.0,10.169240951538086,1.7382720708847046
209,80,cvae,4,42,0.3125,0.3359375,0.44959473150962515,1.0,13.429424285888672,2.002304792404175
210,80,cvae,4,42,0.3984375,0.3984375,0.5231854838709677,1.0,4.807165145874023,0.817628026008606
211,80,cvae,4,42,0.2421875,0.3671875,0.3649301825993555,1.0,6.6009650230407715,1.2593302726745605
212,80,cvae,4,42,0.328125,0.328125,0.44680851063829785,1.0,7.461678504943848,1.2807625532150269
213,80,cvae,4,42,0.2734375,0.328125,0.40512820512820513,1.0,6.687943458557129,1.1095876693725586
214,80,cvae,4,42,0.3359375,0.3828125,0.45333333333333337,1.0,4.1398234367370605,0.8581337928771973
215,80,cvae,4,42,0.4140625,0.3984375,0.5580673758865249,1.0,6.292794704437256,1.1203978061676025
216,80,cvae,4,42,0.296875,0.40625,0.5192307692307693,1.0,10.093308448791504,1.4391635656356812
217,80,cvae,4,42,0.328125,0.3203125,0.458041958041958,1.0,5.5578813552856445,1.0118399858474731
218,80,cvae,4,42,0.328125,0.4375,0.4509713228492137,1.0,4.971127986907959,0.9302465915679932
219,80,cvae,4,42,0.296875,0.359375,0.4090909090909091,1.0,7.534111976623535,1.2717170715332031
220,80,cvae,4,42,0.3125,0.28125,0.48717948717948717,1.0,9.055562973022461,1.5489649772644043
221,80,cvae,4,42,0.2890625,0.3359375,0.4469387755102041,1.0,13.394224166870117,1.784531593322754
222,80,cvae,4,42,0.359375,0.4375,0.46938775510204084,1.0,2.6532087326049805,0.42207273840904236
223,80,cvae,4,42,0.4375,0.53125,0.44,1.0,5.969199180603027,1.1812362670898438
224,80,cvae,4,42,0.4296875,0.453125,0.531060606060606,1.0,4.575191974639893,0.7685854434967041
225,80,cvae,4,42,0.265625,0.5,0.3695652173913043,1.0,4.4453125,0.8485062122344971
226,80,cvae,4,42,0.375,0.5078125,0.49468085106382975,1.0,5.125102996826172,0.8652651906013489
227,80,cvae,4,42,0.328125,0.546875,0.40425531914893614,1.0,7.061182975769043,1.2174197435379028
228,80,cvae,4,42,0.3125,0.375,0.43478260869565216,1.0,9.025382995605469,1.5525145530700684
229,80,cvae,4,42,0.328125,0.328125,0.48717948717948717,1.0,6.491650104522705,1.028136968612671
230,80,cvae,4,42,0.3359375,0.4375,0.41379948205697376,1.0,4.170996189117432,0.9095671772956848
231,80,cvae,4,42,0.328125,0.515625,0.4090909090909091,1.0,3.4237112998962402,0.6812373995780945
232,80,cvae,4,42,0.46875,0.453125,0.5263157894736842,1.0,6.004321098327637,1.2696248292922974
233,80,cvae,4,42,0.328125,0.453125,0.4864864864864865,1.0,3.938663959503174,0.8575533032417297
234,80,cvae,4,42,0.3125,0.4375,0.43952922077922074,1.0,5.3321638107299805,0.9506580829620361
235,80,cvae,4,42,0.328125,0.4140625,0.43852739726027395,1.0,5.078592777252197,1.1143749952316284
236,80,cvae,4,42,0.4375,0.578125,0.3684210526315789,1.0,6.932370185852051,1.3766109943389893
237,80,cvae,4,42,0.296875,0.375,0.425,1.0,6.4871110916137695,1.3426722288131714
238,80,cvae,4,42,0.296875,0.421875,0.43636363636363634,1.0,6.31348991394043,1.1814326047897339
239,80,cvae,4,42,0.3515625,0.4375,0.48958333333333337,1.0,7.244443893432617,1.2929362058639526
240,80,cvae,4,42,0.34375,0.34375,0.4897959183673469,1.0,5.962006568908691,1.3570994138717651
241,80,cvae,4,42,0.390625,0.5,0.5102040816326531,1.0,6.221612930297852,1.1125657558441162
242,80,cvae,4,42,0.359375,0.34375,0.475,1.0,5.064169883728027,1.0436004400253296
243,80,cvae,4,42,0.359375,0.71875,0.39285714285714285,1.0,5.267045497894287,0.8970863223075867
244,80,cvae,4,42,0.4375,0.46875,0.5490196078431373,1.0,6.727867603302002,1.1297543048858643
245,80,cvae,4,42,0.328125,0.375,0.36538461538461536,1.0,6.748788833618164,1.2611923217773438
246,80,cvae,4,42,0.34375,0.3828125,0.5002836074872377,1.0,6.5517401695251465,1.1664412021636963
247,80,cvae,4,42,0.390625,0.453125,0.5454545454545454,1.0,9.958511352539062,1.2753549814224243
248,80,cvae,4,42,0.328125,0.4296875,0.4421542553191489,1.0,4.916751861572266,0.9396958351135254
249,80,cvae,4,42,0.25,0.34375,0.36363636363636365,1.0,3.9238035678863525,0.8167204260826111
250,80,cvae,4,42,0.296875,0.359375,0.43501611170784105,1.0,8.786538124084473,1.5193727016448975
251,80,cvae,4,42,0.3359375,0.4140625,0.47,1.0,7.130268096923828,1.2393113374710083
252,80,cvae,4,42,0.359375,0.46875,0.4067796610169492,1.0,4.585000038146973,0.9401248693466187
253,80,cvae,4,42,0.234375,0.359375,0.36585365853658536,1.0,9.879684448242188,1.2767071723937988
254,80,cvae,4,42,0.390625,0.53125,0.5106382978723404,1.0,5.919133186340332,1.0614498853683472
255,80,cvae,4,42,0.328125,0.375,0.4375,1.0,5.277811527252197,1.1090967655181885
256,80,cvae,4,42,0.5078125,0.796875,0.36921482845959014,1.0,8.183036804199219,1.2988674640655518
257,80,cvae,4,42,0.296875,0.3515625,0.40984848484848485,1.0,7.467870712280273,1.1465882062911987
258,80,cvae,4,42,0.40625,0.4765625,0.5416666666666666,1.0,6.727198600769043,1.1144599914550781
259,80,cvae,4,42,0.3125,0.4375,0.40443840579710144,1.0,4.134509563446045,0.7791330814361572
260,80,cvae,4,42,0.375,0.390625,0.4754323899371069,1.0,6.826016426086426,1.2193641662597656
261,80,cvae,4,42,0.359375,0.484375,0.46511627906976744,1.0,6.839905738830566,1.3000481128692627
262,80,cvae,4,42,0.328125,0.59375,0.40425531914893614,1.0,4.6685051918029785,0.8706404566764832
263,80,cvae,4,42,0.390625,0.4609375,0.5265957446808511,1.0,7.185437202453613,1.3737916946411133
264,80,cvae,4,42,0.2734375,0.28125,0.41565040650406504,1.0,11.95329475402832,1.5820701122283936
265,80,cvae,4,42,0.40625,0.5625,0.47608958837772397,1.0,5.4030632972717285,1.0760250091552734
266,80,cvae,4,42,0.2890625,0.4375,0.401311475409836,1.0,6.622344970703125,1.2580081224441528
267,80,cvae,4,42,0.375,0.4296875,0.40721040189125296,1.0,3.858339786529541,0.7876983284950256
268,80,cvae,4,42,0.34375,0.453125,0.3973214285714286,1.0,4.9627580642700195,0.8432283401489258
269,80,cvae,4,42,0.578125,0.5,0.6166666666666667,1.0,4.580853462219238,0.8429057002067566
270,80,cvae,4,42,0.359375,0.4375,0.46808510638297873,1.0,6.85690450668335,1.401526689529419
271,80,cvae,4,42,0.4140625,0.390625,0.5258139534883721,1.0,6.850033760070801,1.1836589574813843
272,80,cvae,4,42,0.3125,0.390625,0.4444444444444444,1.0,6.482873916625977,1.2278090715408325
273,80,cvae,4,42,0.609375,0.484375,0.4691863995142683,1.0,4.937455177307129,0.751125156879425
274,80,cvae,4,42,0.328125,0.5625,0.38461538461538464,1.0,4.090750694274902,0.8259115219116211
275,80,cvae,4,42,0.3125,0.328125,0.4375,1.0,8.17626953125,1.3391716480255127
276,80,cvae,4,42,0.265625,0.390625,0.4716981132075472,1.0,4.163911819458008,0.6825205683708191
277,80,cvae,4,42,0.3046875,0.3671875,0.4159090909090909,1.0,6.079399108886719,0.9507247805595398
278,80,cvae,4,42,0.421875,0.8515625,0.4767786561264822,1.0,2.0688889026641846,0.48907575011253357
279,80,cvae,4,42,0.421875,0.4375,0.5,1.0,4.362081527709961,0.9165328145027161
280,80,cvae,4,42,0.25,0.359375,0.43478260869565216,1.0,12.011377334594727,1.5579789876937866
281,80,cvae,4,42,0.2421875,0.3359375,0.3849206349206349,1.0,4.754122734069824,0.9778727889060974
282,80,cvae,4,42,0.296875,0.359375,0.4418604651162791,1.0,5.945948600769043,1.1581077575683594
283,80,cvae,4,42,0.34375,0.4375,0.41025641025641024,1.0,13.641450881958008,1.8766531944274902
284,80,cvae,4,42,0.3828125,0.390625,0.5527777777777778,1.0,6.587062358856201,1.1510894298553467
285,80,cvae,4,42,0.34375,0.34375,0.48148148148148145,1.0,11.738809585571289,1.6037392616271973
286,80,cvae,4,42,0.34375,0.328125,0.5116279069767442,1.0,7.326994895935059,1.3385745286941528
287,80,cvae,4,42,0.3125,0.3828125,0.4490986214209968,1.0,6.1316070556640625,1.2449736595153809
288,80,cvae,4,42,0.265625,0.421875,0.45454545454545453,1.0,8.230973243713379,1.38589346408844
289,80,cvae,4,42,0.4375,0.59375,0.433549627493391,1.0,5.810850143432617,1.1423178911209106
290,80,cvae,4,42,0.4296875,0.515625,0.5045454545454545,1.0,4.890908241271973,0.9013267755508423
291,80,cvae,4,42,0.53125,0.453125,0.5769807923169268,1.0,5.361833572387695,1.1205049753189087
292,80,cvae,4,42,0.40625,0.484375,0.5255411255411255,1.0,7.250913619995117,1.3014453649520874
293,80,cvae,4,42,0.3359375,0.3515625,0.4377659574468085,1.0,5.449928283691406,1.0580798387527466
294,80,cvae,4,42,0.546875,0.4375,0.5348837209302325,1.0,6.6480512619018555,1.0282740592956543
295,80,cvae,4,42,0.28125,0.3203125,0.4765765765765766,1.0,13.126014709472656,1.9522672891616821
296,80,cvae,4,42,0.359375,0.375,0.4,1.0,6.068323135375977,1.1533533334732056
297,80,cvae,4,42,0.296875,0.40625,0.42857142857142855,1.0,8.849393844604492,1.2933413982391357
298,80,cvae,4,42,0.296875,0.40625,0.3939393939393939,1.0,8.752538681030273,1.1628038883209229
299,80,cvae,4,42,0.328125,0.4296875,0.44433448787728846,1.0,6.2393412590026855,0.9698801040649414
300,80,cvae,4,42,0.3125,0.328125,0.39285714285714285,1.0,11.443589210510254,1.6406420469284058
301,80,cvae,4,42,0.359375,0.375,0.4633333333333334,1.0,8.12808609008789,1.5777232646942139
302,80,cvae,4,42,0.3125,0.3125,0.45454545454545453,1.0,8.487390518188477,1.5647157430648804
303,80,cvae,4,42,0.296875,0.328125,0.4418604651162791,1.0,11.472200393676758,1.8351458311080933
304,80,cvae,4,42,0.328125,0.421875,0.48556910569105693,1.0,9.645079612731934,1.5259665250778198
305,80,cvae,4,42,0.28125,0.359375,0.41935483870967744,1.0,8.887139320373535,1.3988311290740967
306,80,cvae,4,42,0.625,0.609375,0.55,1.0,3.41103458404541,0.7667205929756165
307,80,cvae,4,42,0.328125,0.34375,0.4688601645123385,1.0,9.558670043945312,1.326348900794983
308,80,cvae,4,42,0.3125,0.375,0.45454545454545453,1.0,7.905221939086914,1.1764134168624878
309,80,cvae,4,42,0.40625,0.375,0.534513805522209,1.0,9.676719665527344,1.3878538608551025
310,80,cvae,4,42,0.609375,0.640625,0.6139082751744767,1.0,6.8848676681518555,1.0043308734893799
311,80,cvae,4,42,0.3125,0.421875,0.4146341463414634,1.0,4.798518657684326,0.8419390916824341
312,80,cvae,4,42,0.328125,0.3125,0.4482758620689655,1.0,6.843447685241699,1.1261401176452637
313,80,cvae,4,42,0.328125,0.34375,0.46938775510204084,1.0,9.540008544921875,1.3453264236450195
314,80,cvae,4,42,0.390625,0.3359375,0.5043859649122807,1.0,11.395447731018066,1.698047161102295
315,80,cvae,4,42,0.390625,0.359375,0.46938775510204084,1.0,9.109275817871094,1.4523913860321045
316,80,cvae,4,42,0.375,0.421875,0.4708333333333333,1.0,3.8914287090301514,0.8212666511535645
317,80,cvae,4,42,0.46875,0.4375,0.5789473684210527,1.0,9.146333694458008,1.487230658531189
318,80,cvae,4,42,0.375,0.46875,0.42592592592592593,1.0,5.223674297332764,1.0362333059310913
319,80,cvae,4,42,0.359375,0.4609375,0.4641025641025641,1.0,6.7204179763793945,1.3299872875213623
320,80,cvae,4,42,0.359375,0.4140625,0.4836278586278586,1.0,6.615375995635986,1.1431537866592407
321,80,cvae,4,42,0.34375,0.234375,0.4782608695652174,1.0,10.368669509887695,1.8972091674804688
322,80,cvae,4,42,0.375,0.375,0.5454545454545454,1.0,7.678004264831543,1.5293729305267334
323,80,cvae,4,42,0.3046875,0.296875,0.42358803986710963,1.0,7.190192222595215,1.4460479021072388
324,80,cvae,4,42,0.3203125,0.453125,0.44155844155844154,1.0,4.564986228942871,0.8370590806007385
325,80,cvae,4,42,0.3203125,0.3984375,0.3810160427807487,1.0,4.819381237030029,0.8121458888053894
326,80,cvae,4,42,0.328125,0.4453125,0.44079555966697503,1.0,7.265779972076416,1.2381802797317505
327,80,cvae,4,42,0.328125,0.4140625,0.4111163227016886,1.0,4.55640983581543,0.8774353861808777
328,80,cvae,4,42,0.453125,0.46875,0.48936170212765956,1.0,6.602393627166748,1.1005547046661377
329,80,cvae,4,42,0.34375,0.3359375,0.4825388026607539,1.0,6.595342636108398,1.266978144645691
330,80,cvae,4,42,0.328125,0.21875,0.4883720930232558,1.0,8.099750518798828,1.4541994333267212
331,80,cvae,4,42,0.265625,0.34375,0.40425531914893614,1.0,5.136220455169678,1.077288031578064
332,80,cvae,4,42,0.5546875,0.5546875,0.4931480776551199,1.0,3.771515369415283,0.6893359422683716
333,80,cvae,4,42,0.3671875,0.46875,0.40625,1.0,6.238733291625977,0.9250487089157104
334,80,cvae,4,42,0.328125,0.453125,0.4222222222222222,1.0,9.28896427154541,1.5800740718841553
335,80,cvae,4,42,0.4296875,0.4375,0.4564867042707494,1.0,5.796271324157715,1.1033110618591309
336,80,cvae,4,42,0.296875,0.28125,0.4962121212121212,1.0,7.594577312469482,1.3459422588348389
337,80,cvae,4,42,0.296875,0.421875,0.3867924528301887,1.0,2.940140962600708,0.7043090462684631
338,80,cvae,4,42,0.390625,0.375,0.49019607843137253,1.0,8.613119125366211,1.5298575162887573
339,80,cvae,4,42,0.4140625,0.4296875,0.5653061224489796,1.0,5.2341814041137695,0.8879746198654175
340,80,cvae,4,42,0.328125,0.3125,0.5,1.0,4.32594108581543,0.8359310030937195
341,80,cvae,4,42,0.375,0.46875,0.41509433962264153,1.0,6.045793533325195,0.985902726650238
342,80,cvae,4,42,0.3125,0.3125,0.425,1.0,8.009061813354492,1.4185326099395752
343,80,cvae,4,42,0.375,0.390625,0.5111111111111111,1.0,9.63431167602539,1.4324464797973633
344,80,cvae,4,42,0.359375,0.421875,0.4864864864864865,1.0,5.5936174392700195,1.1205180883407593
345,80,cvae,4,42,0.3359375,0.3203125,0.47916666666666663,1.0,8.685039520263672,1.3657989501953125
346,80,cvae,4,42,0.3125,0.4140625,0.4395121951219512,1.0,7.487367630004883,1.3576486110687256
347,80,cvae,4,42,0.34375,0.40625,0.4838709677419355,1.0,2.9180116653442383,0.5909899473190308
348,80,cvae,4,42,0.328125,0.4921875,0.39622641509433965,1.0,6.164126396179199,1.2172541618347168
349,80,cvae,4,42,0.296875,0.3984375,0.4122725871106999,1.0,7.337035655975342,1.1776007413864136
350,80,cvae,4,42,0.4375,0.515625,0.4583333333333333,1.0,4.771065711975098,1.0953550338745117
351,80,cvae,4,42,0.28125,0.3828125,0.4148056244830438,1.0,7.188786029815674,1.1794462203979492
352,80,cvae,4,42,0.296875,0.359375,0.4358974358974359,1.0,7.048611640930176,1.1856236457824707
353,80,cvae,4,42,0.46875,0.4765625,0.5413839891451832,1.0,5.452285289764404,1.0670537948608398
354,80,cvae,4,42,0.375,0.4765625,0.47528301886792457,1.0,4.442439079284668,0.9019811749458313
355,80,cvae,4,42,0.296875,0.4921875,0.37316176470588236,1.0,3.168738842010498,0.6029824614524841
356,80,cvae,4,42,0.375,0.375,0.44680851063829785,1.0,5.075685024261475,1.0656254291534424
357,80,cvae,4,42,0.421875,0.46875,0.5277777777777778,1.0,8.754413604736328,1.5775803327560425
358,80,cvae,4,42,0.34375,0.359375,0.5102040816326531,1.0,5.472869873046875,1.1546939611434937
359,80,cvae,4,42,0.265625,0.4453125,0.3695652173913043,1.0,5.893372535705566,1.076329231262207
360,80,cvae,4,42,0.296875,0.3671875,0.4388789505068575,1.0,10.107748985290527,1.3684029579162598
361,80,cvae,4,42,0.296875,0.3828125,0.4519519519519519,1.0,6.072155475616455,1.1179863214492798
362,80,cvae,4,42,0.40625,0.453125,0.5441176470588236,1.0,5.235237121582031,0.8905308246612549
363,80,cvae,4,42,0.34375,0.46875,0.4230769230769231,1.0,4.242402076721191,0.8631409406661987
364,80,cvae,4,42,0.53125,0.859375,0.53125,1.0,4.884050369262695,0.809550404548645
365,80,cvae,4,42,0.3984375,0.359375,0.5005411255411256,1.0,5.802898406982422,1.0954090356826782
366,80,cvae,4,42,0.3359375,0.40625,0.39811320754716983,1.0,5.338603496551514,0.8885571956634521
367,80,cvae,4,42,0.328125,0.3125,0.5192307692307693,1.0,9.915281295776367,1.697359561920166
368,80,cvae,4,42,0.28125,0.28125,0.42857142857142855,1.0,6.0803632736206055,1.0260045528411865
369,80,cvae,4,42,0.265625,0.421875,0.3541666666666667,1.0,3.5341010093688965,0.8566283583641052
370,80,cvae,4,42,0.28125,0.390625,0.4594594594594595,1.0,9.531782150268555,1.4394047260284424
371,80,cvae,4,42,0.265625,0.359375,0.4222222222222222,1.0,7.058797836303711,1.1304062604904175
372,80,cvae,4,42,0.328125,0.375,0.4489795918367347,1.0,7.820938587188721,1.1640000343322754
373,80,cvae,4,42,0.359375,0.515625,0.49230769230769234,1.0,5.138114929199219,0.952167272567749
374,80,cvae,4,42,0.328125,0.375,0.42105263157894735,1.0,5.813773155212402,0.9266465902328491
375,80,cvae,4,42,0.296875,0.328125,0.46938775510204084,1.0,7.371686935424805,1.3052613735198975
376,80,cvae,4,42,0.28125,0.3984375,0.4015731292517007,1.0,4.810086250305176,0.8982008695602417
377,80,cvae,4,42,0.3046875,0.328125,0.4059987631416203,1.0,5.008641242980957,0.8897049427032471
378,80,cvae,4,42,0.375,0.453125,0.44505494505494503,1.0,3.7448837757110596,0.7750457525253296
379,80,cvae,4,42,0.3203125,0.265625,0.47756410256410253,1.0,10.527610778808594,1.7921671867370605
380,80,cvae,4,42,0.5,0.5625,0.5333333333333333,1.0,3.734098434448242,0.648220419883728
381,80,cvae,4,42,0.34375,0.390625,0.4857142857142857,1.0,8.803298950195312,1.1216648817062378
382,80,cvae,4,42,0.3359375,0.375,0.45833333333333337,1.0,5.345414161682129,1.0499366521835327
383,80,cvae,4,42,0.3359375,0.390625,0.4954545454545455,1.0,6.210480690002441,1.096311092376709
384,80,cvae,4,42,0.421875,0.34375,0.5067567567567568,1.0,10.900714874267578,1.4367361068725586
385,80,cvae,4,42,0.328125,0.25,0.4772727272727273,1.0,7.574416160583496,1.3732244968414307
386,80,cvae,4,42,0.7890625,0.59375,0.6515151515151515,1.0,3.029906749725342,0.6855147480964661
387,80,cvae,4,42,0.328125,0.390625,0.4791666666666667,1.0,9.954920768737793,1.4850057363510132
388,80,cvae,4,42,0.3671875,0.3984375,0.500453514739229,1.0,4.044315338134766,0.7003012299537659
389,80,cvae,4,42,0.328125,0.4765625,0.4418811002661934,1.0,5.788836479187012,0.9383165836334229
390,80,cvae,4,42,0.3125,0.359375,0.46511627906976744,1.0,10.33245849609375,1.4538761377334595
391,80,cvae,4,42,0.2734375,0.3515625,0.42725104353011334,1.0,8.08444881439209,1.33344304561615
392,80,cvae,4,42,0.34375,0.3125,0.39473684210526316,1.0,8.910502433776855,1.569512128829956
393,80,cvae,4,42,0.296875,0.328125,0.4222222222222222,1.0,8.28436279296875,1.362768292427063
394,80,cvae,4,42,0.453125,0.46875,0.5185185185185185,1.0,4.9938154220581055,1.0181243419647217
395,80,cvae,4,42,0.3125,0.34375,0.46938775510204084,1.0,5.348052024841309,1.00413978099823
396,80,cvae,4,42,0.46875,0.5703125,0.48754501800720285,1.0,4.956669330596924,0.9963586330413818
397,80,cvae,4,42,0.375,0.359375,0.49974160206718343,1.0,6.9077558517456055,1.2015661001205444
398,80,cvae,4,42,0.3359375,0.40625,0.4299259944495837,1.0,5.26385498046875,1.0765740871429443
399,80,cvae,4,42,0.4296875,0.4375,0.45018323408153915,1.0,4.999612808227539,0.9354326128959656
400,80,cvae,4,42,0.328125,0.421875,0.425531914893617,1.0,4.7978901863098145,0.8481689095497131
401,80,cvae,4,42,0.3359375,0.4296875,0.442702500933184,1.0,3.3522720336914062,0.6084624528884888
402,80,cvae,4,42,0.34375,0.359375,0.42424242424242425,1.0,12.803110122680664,1.7282075881958008
403,80,cvae,4,42,0.296875,0.34375,0.4523809523809524,1.0,6.115472793579102,1.042393445968628
404,80,cvae,4,42,0.3125,0.359375,0.4230769230769231,1.0,4.8575215339660645,1.0949925184249878
405,80,cvae,4,42,0.28125,0.34375,0.41607142857142854,1.0,7.173694610595703,1.170998454093933
406,80,cvae,4,42,0.484375,0.53125,0.6041666666666666,1.0,6.0474114418029785,0.8988103270530701
407,80,cvae,4,42,0.34375,0.296875,0.5,1.0,9.011957168579102,1.4231230020523071
408,80,cvae,4,42,0.421875,0.4921875,0.5654724491933795,1.0,7.059586524963379,1.2171592712402344
409,80,cvae,4,42,0.375,0.4453125,0.46875,1.0,4.473536491394043,0.8347223997116089
410,80,cvae,4,42,0.328125,0.4296875,0.4730929989550679,1.0,7.482607364654541,1.2008639574050903
411,80,cvae,4,42,0.53125,0.546875,0.5573770491803278,1.0,5.800483226776123,1.1169061660766602
412,80,cvae,4,42,0.328125,0.453125,0.4772727272727273,1.0,7.042119979858398,1.2633450031280518
413,80,cvae,4,42,0.3828125,0.359375,0.5002171081198437,1.0,9.630121231079102,1.428304672241211
414,80,cvae,4,42,0.421875,0.453125,0.5151515151515151,1.0,5.5085344314575195,1.1335554122924805
415,80,cvae,4,42,0.46875,0.375,0.5609756097560976,1.0,5.685397148132324,0.9009368419647217
416,80,cvae,4,42,0.3515625,0.34375,0.5561507936507937,1.0,10.857040405273438,1.527464509010315
417,80,cvae,4,42,0.3515625,0.3125,0.44522144522144524,1.0,7.111814498901367,1.2408570051193237
418,80,cvae,4,42,0.3125,0.34375,0.4375,1.0,6.102046489715576,1.29343843460083
419,80,cvae,4,42,0.3203125,0.2734375,0.45562411010915993,1.0,8.667455673217773,1.5888549089431763
420,80,cvae,4,42,0.4375,0.40625,0.5714285714285714,1.0,4.587824821472168,1.038588523864746
421,80,cvae,4,42,0.3359375,0.390625,0.46207215541165586,1.0,6.7002153396606445,1.448352336883545
422,80,cvae,4,42,0.3984375,0.4375,0.48951048951048953,1.0,4.266831874847412,0.8899568319320679
423,80,cvae,4,42,0.328125,0.390625,0.39473684210526316,1.0,6.039520263671875,1.1251106262207031
424,80,cvae,4,42,0.4453125,0.484375,0.4837719298245614,1.0,6.038854122161865,0.9964264035224915
425,80,cvae,4,42,0.328125,0.34375,0.46938775510204084,1.0,8.751190185546875,1.5832483768463135
426,80,cvae,4,42,0.25,0.375,0.45652173913043476,1.0,8.689188957214355,1.309086799621582
427,80,cvae,4,42,0.34375,0.40625,0.4583333333333333,1.0,5.616237640380859,0.8809515833854675
428,80,cvae,4,42,0.3125,0.296875,0.4878048780487805,1.0,14.493669509887695,1.798581600189209
429,80,cvae,4,42,0.3125,0.421875,0.45454545454545453,1.0,6.469963073730469,0.9684826731681824
430,80,cvae,4,42,0.359375,0.421875,0.5,1.0,5.091257095336914,0.8928773999214172
431,80,cvae,4,42,0.296875,0.25,0.39473684210526316,1.0,9.23759651184082,1.4917542934417725
432,80,cvae,4,42,0.34375,0.375,0.4583333333333333,1.0,5.918663501739502,1.1399719715118408
433,80,cvae,4,42,0.34375,0.328125,0.5121951219512195,1.0,9.825023651123047,1.4806607961654663
434,80,cvae,4,42,0.359375,0.359375,0.5,1.0,8.051351547241211,1.2003082036972046
435,80,cvae,4,42,0.5,0.9375,0.4329896907216495,1.0,3.8012993335723877,0.7773301005363464
436,80,cvae,4,42,0.3125,0.359375,0.4375,1.0,7.290895462036133,1.296027660369873
437,80,cvae,4,42,0.296875,0.3046875,0.45913978494623653,1.0,9.99266242980957,1.759651780128479
438,80,cvae,4,42,0.375,0.4921875,0.4542606516290727,1.0,6.836475372314453,1.2183725833892822
439,80,cvae,4,42,0.3046875,0.359375,0.3741450068399453,1.0,2.8692431449890137,0.5828450322151184
440,80,cvae,4,42,0.3125,0.375,0.40425531914893614,1.0,4.467081069946289,0.7819433808326721
441,80,cvae,4,42,0.421875,0.5390625,0.5038251366120219,1.0,3.5884010791778564,0.7745732665061951
442,80,cvae,4,42,0.34375,0.4296875,0.4655490051584377,1.0,7.531311988830566,1.4111708402633667
443,80,cvae,4,42,0.359375,0.3125,0.5179955703211517,1.0,8.500935554504395,1.2015780210494995
444,80,cvae,4,42,0.421875,0.4921875,0.45235049568276303,1.0,5.512251377105713,1.0769075155258179
445,80,cvae,4,42,0.609375,0.5703125,0.4876660341555977,1.0,4.092805862426758,0.6401134133338928
446,80,cvae,4,42,0.3125,0.34375,0.45588235294117646,1.0,6.545007705688477,1.1616480350494385
447,80,cvae,4,42,0.25,0.40625,0.39473684210526316,1.0,11.497634887695312,1.491767406463623
448,80,cvae,4,42,0.328125,0.34375,0.5,1.0,7.412962913513184,1.1752734184265137
449,80,cvae,4,42,0.3203125,0.3984375,0.38421052631578945,1.0,5.187782287597656,0.8775582313537598
450,80,cvae,4,42,0.40625,0.390625,0.4722222222222222,1.0,4.091960906982422,0.8421757221221924
451,80,cvae,4,42,0.3515625,0.421875,0.45465686274509803,1.0,3.6601667404174805,0.5000197887420654
452,80,cvae,4,42,0.3359375,0.3828125,0.5,1.0,9.412474632263184,1.337458848953247
453,80,cvae,4,42,0.578125,0.4765625,0.5591085271317829,1.0,5.775585651397705,0.9528203010559082
454,80,cvae,4,42,0.3125,0.46875,0.425,1.0,5.236911773681641,1.0505833625793457
455,80,cvae,4,42,0.2734375,0.3359375,0.3980331262939959,1.0,7.350496292114258,1.391119122505188
456,80,cvae,4,42,0.3203125,0.390625,0.44027777777777777,1.0,4.708111763000488,1.043979525566101
457,80,cvae,4,42,0.265625,0.328125,0.4444444444444444,1.0,8.331613540649414,1.3980730772018433
458,80,cvae,4,42,0.3203125,0.3203125,0.5,1.0,6.839497089385986,1.252916932106018
459,80,cvae,4,42,0.375,0.34375,0.5202429149797572,1.0,6.978338241577148,1.2791475057601929
460,80,cvae,4,42,0.375,0.359375,0.5454545454545454,1.0,6.679636001586914,1.1793022155761719
461,80,cvae,4,42,0.390625,0.421875,0.5,1.0,7.144667625427246,1.4059144258499146
462,80,cvae,4,42,0.390625,0.3828125,0.4880952380952381,1.0,6.714285850524902,1.4122141599655151
463,80,cvae,4,42,0.3359375,0.4140625,0.36910299003322256,1.0,3.5804975032806396,0.8089107275009155
464,80,cvae,4,42,0.3359375,0.3125,0.4725700655933214,1.0,6.317255973815918,1.200008511543274
465,80,cvae,4,42,0.421875,0.328125,0.5675675675675675,1.0,12.388301849365234,1.4473670721054077
466,80,cvae,4,42,0.328125,0.3515625,0.47619047619047616,1.0,9.122084617614746,1.3235026597976685
467,80,cvae,4,42,0.46875,0.4609375,0.5427170868347339,1.0,9.869243621826172,1.4222599267959595
468,80,cvae,4,42,0.375,0.390625,0.5416666666666666,1.0,7.162705421447754,1.3030905723571777
469,80,cvae,4,42,0.328125,0.328125,0.525,1.0,12.36526107788086,1.392854928970337
470,80,cvae,4,42,0.453125,0.46875,0.5471698113207547,1.0,5.741619110107422,1.1753641366958618
471,80,cvae,4,42,0.40625,0.390625,0.52,1.0,7.869816780090332,1.3992424011230469
472,80,cvae,4,42,0.328125,0.3984375,0.44558101472995093,1.0,3.8551154136657715,0.8537406921386719
473,80,cvae,4,42,0.34375,0.484375,0.4489795918367347,1.0,6.402157783508301,0.9758010506629944
474,80,cvae,4,42,0.390625,0.421875,0.5003846153846154,1.0,4.856312274932861,0.7859083414077759
475,80,cvae,4,42,0.328125,0.359375,0.5121951219512195,1.0,7.95802116394043,1.4371978044509888
476,80,cvae,4,42,0.3125,0.390625,0.4411764705882353,1.0,9.662878036499023,1.5858889818191528
477,80,cvae,4,42,0.3828125,0.421875,0.48405797101449277,1.0,7.776462554931641,1.2472383975982666
478,80,cvae,4,42,0.2734375,0.3671875,0.3758116883116883,1.0,10.813587188720703,1.5578175783157349
479,80,cvae,4,42,0.390625,0.390625,0.5,1.0,5.174921035766602,1.0411674976348877
480,80,cvae,4,42,0.296875,0.390625,0.44680851063829785,1.0,6.779488563537598,1.3466870784759521
481,80,cvae,4,42,0.5078125,0.6875,0.6106403013182675,1.0,8.066934585571289,1.2599002122879028
482,80,cvae,4,42,0.296875,0.375,0.46940559440559443,1.0,7.918826103210449,1.410330891609192
483,80,cvae,4,42,0.328125,0.3203125,0.4734208880550344,1.0,9.813278198242188,1.469245195388794
484,80,cvae,4,42,0.28125,0.453125,0.37209302325581395,1.0,5.025059223175049,1.017281174659729
485,80,cvae,4,42,0.3125,0.421875,0.40816326530612246,1.0,6.743814468383789,1.0019893646240234
486,80,cvae,4,42,0.28125,0.390625,0.47368421052631576,1.0,3.2175402641296387,0.7218908667564392
487,80,cvae,4,42,0.75,0.796875,0.6190476190476191,1.0,2.3087878227233887,0.49834316968917847
488,80,cvae,4,42,0.390625,0.46875,0.525,1.0,10.221924781799316,1.5325788259506226
489,80,cvae,4,42,0.3046875,0.3125,0.4706533776301218,1.0,4.9384613037109375,0.8140219449996948
490,80,cvae,4,42,0.34375,0.421875,0.48237367802585196,1.0,6.789953231811523,1.0238407850265503
491,80,cvae,4,42,0.3515625,0.4296875,0.4618357487922705,1.0,7.0737433433532715,1.2480545043945312
492,80,cvae,4,42,0.328125,0.34375,0.4666666666666667,1.0,7.96833610534668,1.3635601997375488
493,80,cvae,4,42,0.390625,0.4375,0.44642857142857145,1.0,4.280139446258545,0.8346986174583435
494,80,cvae,4,42,0.3125,0.296875,0.45,1.0,7.803928375244141,1.4815524816513062
495,80,cvae,4,42,0.328125,0.375,0.4634146341463415,1.0,6.435826778411865,1.0729683637619019
496,80,cvae,4,42,0.359375,0.625,0.4309477756286267,1.0,5.903095722198486,1.0728400945663452
497,80,cvae,4,42,0.328125,0.40625,0.49019607843137253,1.0,7.6779985427856445,1.329167127609253
498,80,cvae,4,42,0.484375,0.59375,0.5084033613445378,1.0,3.478066921234131,0.7062909603118896
499,80,cvae,4,42,0.328125,0.3125,0.4,1.0,6.606005668640137,1.1752620935440063
500,80,cvae,4,42,0.4140625,0.4609375,0.5051020408163265,1.0,7.161755561828613,0.9678732752799988
501,80,cvae,4,42,0.796875,0.5,0.6039603960396039,1.0,4.511468410491943,0.8711003065109253
502,80,cvae,4,42,0.328125,0.4609375,0.40384615384615385,1.0,4.978170871734619,0.8227599859237671
503,80,cvae,4,42,0.34375,0.34375,0.5089285714285714,1.0,5.326169013977051,1.001968502998352
504,80,cvae,4,42,0.359375,0.4765625,0.4807692307692308,1.0,8.148699760437012,1.3132920265197754
505,80,cvae,4,42,0.375,0.4375,0.5,1.0,4.864239692687988,0.8165971636772156
506,80,cvae,4,42,0.390625,0.578125,0.38792270531400963,1.0,5.183567523956299,0.9314346313476562
507,80,cvae,4,42,0.34375,0.3125,0.5373134328358209,1.0,10.491593360900879,1.857426643371582
508,80,cvae,4,42,0.359375,0.390625,0.5208695652173914,1.0,6.268618583679199,1.0759462118148804
509,80,cvae,4,42,0.2421875,0.3671875,0.36604651162790697,1.0,3.7043919563293457,0.7573221921920776
510,80,cvae,4,42,0.28125,0.328125,0.4722222222222222,1.0,6.874855041503906,1.358361005783081
511,80,cvae,4,42,0.3515625,0.3828125,0.45111111111111113,1.0,6.421316146850586,1.0843640565872192
512,80,cvae,4,42,0.34375,0.515625,0.4489795918367347,1.0,7.77909517288208,1.109066367149353
513,80,cvae,4,42,0.328125,0.390625,0.4375,1.0,6.07395076751709,0.9432029724121094
514,80,cvae,4,42,0.3671875,0.375,0.4435717238528317,1.0,6.8970136642456055,1.3836522102355957
515,80,cvae,4,42,0.484375,0.4609375,0.5445187853834277,1.0,4.171095848083496,0.784700334072113
516,80,cvae,4,42,0.40625,0.453125,0.5416666666666666,1.0,5.167716026306152,0.9863609075546265
517,80,cvae,4,42,0.4453125,0.515625,0.39133681852128455,1.0,5.817660331726074,0.8753767609596252
518,80,cvae,4,42,0.34375,0.4375,0.4444444444444444,1.0,7.483223915100098,1.1387933492660522
519,80,cvae,4,42,0.390625,0.3984375,0.512123745819398,1.0,5.592220306396484,1.0928013324737549
520,80,cvae,4,42,0.359375,0.3828125,0.47529706066291433,1.0,11.038049697875977,1.5012264251708984
521,80,cvae,4,42,0.34375,0.375,0.43968023255813954,1.0,9.5918607711792,1.4883408546447754
522,80,cvae,4,42,0.390625,0.3515625,0.3947222222222222,1.0,15.625402450561523,1.8914341926574707
523,80,cvae,4,42,0.3671875,0.3828125,0.3907563025210084,1.0,4.524441242218018,0.860341489315033
524,80,cvae,4,42,0.390625,0.375,0.5434782608695652,1.0,10.540729522705078,1.887264609336853
525,80,cvae,4,42,0.3203125,0.3671875,0.41428571428571426,1.0,5.0249104499816895,0.8823532462120056
526,80,cvae,4,42,0.3125,0.296875,0.47619047619047616,1.0,7.578929424285889,1.3711146116256714
527,80,cvae,4,42,0.40625,0.328125,0.5,1.0,6.650901794433594,1.3519494533538818
528,80,cvae,4,42,0.328125,0.34375,0.5,1.0,5.34515380859375,1.1355640888214111
529,80,cvae,4,42,0.3125,0.3125,0.46228786926461346,1.0,8.595680236816406,1.53696870803833
530,80,cvae,4,42,0.34375,0.359375,0.5121951219512195,1.0,10.596929550170898,1.4547227621078491
531,80,cvae,4,42,0.40625,0.40625,0.48,1.0,4.5682878494262695,0.8582921028137207
532,80,cvae,4,42,0.4140625,0.421875,0.5293466223698782,1.0,5.210092067718506,0.9478838443756104
533,80,cvae,4,42,0.2734375,0.453125,0.4003322259136213,1.0,6.412746429443359,1.2795671224594116
534,80,cvae,4,42,0.3359375,0.453125,0.4658805031446541,1.0,3.284080743789673,0.6717601418495178
535,80,cvae,4,42,0.3125,0.515625,0.40425531914893614,1.0,9.534675598144531,1.533556342124939
536,80,cvae,4,42,0.3046875,0.40625,0.3884057971014493,1.0,3.952025890350342,0.7084391117095947
537,80,cvae,4,42,0.3125,0.328125,0.5,1.0,8.07774543762207,1.4336538314819336
538,80,cvae,4,42,0.359375,0.359375,0.4950980392156863,1.0,7.675719261169434,0.9655711054801941
539,80,cvae,4,42,0.359375,0.4375,0.44680851063829785,1.0,5.000059604644775,0.9251482486724854
540,80,cvae,4,42,0.3203125,0.390625,0.46661828737300437,1.0,7.024442672729492,1.1585477590560913
541,80,cvae,4,42,0.359375,0.296875,0.4883720930232558,1.0,6.801671504974365,1.496842384338379
542,80,cvae,4,42,0.328125,0.453125,0.43333333333333335,1.0,3.315946578979492,0.6701931357383728
543,80,cvae,4,42,0.3671875,0.6796875,0.38743781094527363,1.0,8.484322547912598,1.4569090604782104
544,80,cvae,4,42,0.359375,0.4140625,0.4356060606060606,1.0,3.942601442337036,0.6586604118347168
545,80,cvae,4,42,0.375,0.359375,0.4307692307692308,1.0,6.758386135101318,1.35038161277771
546,80,cvae,4,42,0.328125,0.375,0.47023809523809523,1.0,7.969673156738281,1.4957987070083618
547,80,cvae,4,42,0.375,0.453125,0.4418604651162791,1.0,7.242127418518066,1.454816222190857
548,80,cvae,4,42,0.296875,0.375,0.41304347826086957,1.0,11.757501602172852,1.7352458238601685
549,80,cvae,4,42,0.4140625,0.4921875,0.4472926267281106,1.0,3.8703560829162598,0.7338029146194458
550,80,cvae,4,42,0.6171875,0.7734375,0.4251307153187229,1.0,4.640098571777344,0.9802471399307251
551,80,cvae,4,42,0.390625,0.46875,0.5,1.0,3.221888542175293,0.7053383588790894
552,80,cvae,4,42,0.328125,0.390625,0.36585365853658536,1.0,6.919809341430664,1.158260703086853
553,80,cvae,4,42,0.3125,0.3125,0.4473684210526316,1.0,9.345682144165039,1.3979902267456055
554,80,cvae,4,42,0.3359375,0.40625,0.47891566265060237,1.0,5.484140872955322,1.0544625520706177
555,80,cvae,4,42,0.359375,0.515625,0.46511627906976744,1.0,5.159415245056152,0.8974872827529907
556,80,cvae,4,42,0.421875,0.515625,0.32926829268292684,1.0,3.020639181137085,0.5694023966789246
557,80,cvae,4,42,0.3828125,0.4765625,0.4667755991285403,1.0,6.74575662612915,1.2260451316833496
558,80,cvae,4,42,0.328125,0.5,0.40425531914893614,1.0,9.018138885498047,1.5661040544509888
559,80,cvae,4,42,0.609375,0.453125,0.5643751476494212,1.0,6.083256721496582,0.9846144318580627
560,80,cvae,4,42,0.390625,0.4375,0.5102040816326531,1.0,8.419471740722656,1.5320299863815308
561,80,cvae,4,42,0.34375,0.375,0.5,1.0,6.277337074279785,1.0534310340881348
562,80,cvae,4,42,0.328125,0.328125,0.46511627906976744,1.0,8.787216186523438,1.490781307220459
563,80,cvae,4,42,0.3359375,0.375,0.43358395989974935,1.0,5.648215293884277,0.914846658706665
564,80,cvae,4,42,0.328125,0.4375,0.45614035087719296,1.0,7.202485084533691,1.2898917198181152
565,80,cvae,4,42,0.265625,0.328125,0.42857142857142855,1.0,9.715185165405273,1.4888235330581665
566,80,cvae,4,42,0.328125,0.921875,0.4418604651162791,1.0,6.208498477935791,0.9007037878036499
567,80,cvae,4,42,0.34375,0.390625,0.4444444444444444,1.0,3.74088716506958,0.8229081034660339
568,80,cvae,4,42,0.2890625,0.359375,0.41044037605145967,1.0,5.384091377258301,1.0136916637420654
569,80,cvae,4,42,0.40625,0.3984375,0.5212729159460394,1.0,11.195974349975586,1.8336721658706665
570,80,cvae,4,42,0.3203125,0.4296875,0.40811320754716984,1.0,3.1352100372314453,0.6767845153808594
571,80,cvae,4,42,0.265625,0.375,0.40540540540540543,1.0,6.077071189880371,1.208275556564331
572,80,cvae,4,42,0.3203125,0.4375,0.43391980360065463,1.0,6.407277584075928,1.3048921823501587
573,80,cvae,4,42,0.46875,0.359375,0.6,1.0,7.010437965393066,1.3696495294570923
574,80,cvae,4,42,0.2890625,0.3203125,0.443010752688172,1.0,6.225381374359131,1.1998265981674194
575,80,cvae,4,42,0.3359375,0.3671875,0.5,1.0,13.577051162719727,1.801804780960083
576,80,cvae,4,42,0.53125,0.421875,0.5797682709447416,1.0,10.346146583557129,1.4995259046554565
577,80,cvae,4,42,0.296875,0.390625,0.4318181818181818,1.0,7.022641181945801,1.065421462059021
578,80,cvae,4,42,0.3125,0.34375,0.44680851063829785,1.0,10.881187438964844,1.5594086647033691
579,80,cvae,4,42,0.34375,0.375,0.5,1.0,5.673860549926758,0.8523991703987122
580,80,cvae,4,42,0.3125,0.4375,0.37448304383788256,1.0,4.844474792480469,0.8425828218460083
581,80,cvae,4,42,0.3984375,0.4140625,0.4581320450885668,1.0,4.1695685386657715,0.7457931637763977
582,80,cvae,4,42,0.3359375,0.390625,0.44958333333333333,1.0,6.578347206115723,1.0114814043045044
583,80,cvae,4,42,0.359375,0.46875,0.41935483870967744,1.0,5.9202775955200195,1.1124248504638672
584,80,cvae,4,42,0.328125,0.390625,0.41216216216216217,1.0,12.249685287475586,1.6782236099243164
585,80,cvae,4,42,0.3125,0.3125,0.4877757901013715,1.0,7.371155738830566,1.4273148775100708
586,80,cvae,4,42,0.34375,0.390625,0.3492063492063492,1.0,5.821018218994141,0.9680320620536804
587,80,cvae,4,42,0.296875,0.375,0.3829268292682927,1.0,5.413805961608887,0.9658424854278564
588,80,cvae,4,42,0.296875,0.4375,0.42121212121212126,1.0,3.0399160385131836,0.6809669137001038
589,80,cvae,4,42,0.2734375,0.375,0.39972527472527475,1.0,5.73563289642334,0.8643122911453247
590,80,cvae,4,42,0.3359375,0.5625,0.42391304347826086,1.0,3.2168772220611572,0.5533124208450317
591,80,cvae,4,42,0.34375,0.375,0.4782608695652174,1.0,5.360496520996094,0.9825880527496338
592,80,cvae,4,42,0.53125,0.359375,0.6060606060606061,1.0,10.520259857177734,1.721158742904663
593,80,cvae,4,42,0.34375,0.4375,0.4074074074074074,1.0,10.29196548461914,1.3237699270248413
594,80,cvae,4,42,0.375,0.359375,0.48727576136837714,1.0,7.562601089477539,1.3392939567565918
595,80,cvae,4,42,0.375,0.3984375,0.4777521423862887,1.0,8.578286170959473,1.6309373378753662
596,80,cvae,4,42,0.3125,0.328125,0.425531914893617,1.0,7.552722930908203,1.445796012878418
597,80,cvae,4,42,0.296875,0.34375,0.3939393939393939,1.0,9.581443786621094,1.4142168760299683
598,80,cvae,4,42,0.4140625,0.4609375,0.5300120048019208,1.0,5.81553840637207,1.023866057395935
599,80,cvae,4,42,0.296875,0.421875,0.4634146341463415,1.0,5.404933929443359,1.056668996810913
600,80,cvae,4,42,0.3984375,0.4765625,0.48057713651498335,1.0,5.924806594848633,0.934113621711731
601,80,cvae,4,42,0.375,0.390625,0.425531914893617,1.0,4.161862373352051,0.9099810123443604
602,80,cvae,4,42,0.3359375,0.3359375,0.562061711079944,1.0,7.844496726989746,1.1778159141540527
603,80,cvae,4,42,0.3671875,0.3671875,0.4411764705882353,1.0,6.035977840423584,1.2204760313034058
604,80,cvae,4,42,0.4453125,0.40625,0.5034453057708872,1.0,6.801119804382324,0.9015135765075684
605,80,cvae,4,42,0.4609375,0.5,0.4685230024213075,1.0,5.108591556549072,0.8332699537277222
606,80,cvae,4,42,0.28125,0.34375,0.4,1.0,5.930246829986572,1.1086804866790771
607,80,cvae,4,42,0.40625,0.484375,0.5325,1.0,7.8788957595825195,1.3030925989151
608,80,cvae,4,42,0.421875,0.4375,0.5384615384615384,1.0,5.822841644287109,1.0592585802078247
609,80,cvae,4,42,0.296875,0.3125,0.47368421052631576,1.0,8.975139617919922,1.5857080221176147
610,80,cvae,4,42,0.421875,0.5,0.4266666666666667,1.0,8.158158302307129,1.1987816095352173
611,80,cvae,4,42,0.296875,0.359375,0.42105263157894735,1.0,7.8704962730407715,1.0744551420211792
612,80,cvae,4,42,0.34375,0.421875,0.43137254901960786,1.0,8.893426895141602,1.4002699851989746
613,80,cvae,4,42,0.34375,0.46875,0.4713636363636363,1.0,5.742009162902832,1.052250623703003
614,80,cvae,4,42,0.4296875,0.6015625,0.4432397959183674,1.0,3.7567214965820312,0.7883552312850952
615,80,cvae,4,42,0.328125,0.375,0.46252620545073375,1.0,8.734138488769531,1.6136542558670044
616,80,cvae,4,42,0.3984375,0.4921875,0.5019509476031215,1.0,4.739627361297607,0.8098899722099304
617,80,cvae,4,42,0.359375,0.3671875,0.5416666666666667,1.0,10.559785842895508,1.6890026330947876
618,80,cvae,4,42,0.28125,0.3515625,0.4138388123011665,1.0,5.865375995635986,1.05243718624115
619,80,cvae,4,42,0.3046875,0.3828125,0.4805718475073314,1.0,8.649155616760254,1.264052391052246
620,80,cvae,4,42,0.3515625,0.3671875,0.5288248337028825,1.0,8.958089828491211,1.5734926462173462
621,80,cvae,4,42,0.328125,0.359375,0.4117647058823529,1.0,7.287731170654297,1.2960256338119507
622,80,cvae,4,42,0.2890625,0.46875,0.38165266106442575,1.0,5.872804641723633,1.2187451124191284
623,80,cvae,4,42,0.3515625,0.3828125,0.4563557010365521,1.0,9.385954856872559,1.5432583093643188
624,80,cvae,4,42,0.296875,0.359375,0.4532312925170068,1.0,6.5652031898498535,1.2483083009719849
625,80,cvae,4,42,0.3203125,0.390625,0.46226415094339623,1.0,6.289226055145264,1.1575241088867188
626,80,cvae,4,42,0.34375,0.4375,0.48214285714285715,1.0,6.432300090789795,1.2582499980926514
627,80,cvae,4,42,0.34375,0.359375,0.49295774647887325,1.0,5.3160576820373535,1.1709470748901367
628,80,cvae,4,42,0.296875,0.4140625,0.3983100233100233,1.0,5.219914436340332,1.0396939516067505
629,80,cvae,4,42,0.46875,0.4765625,0.5413839891451832,1.0,6.398434638977051,0.9466729164123535
630,80,cvae,4,42,0.3359375,0.40625,0.4564393939393939,1.0,4.74772834777832,0.951775074005127
631,80,cvae,4,42,0.3046875,0.3125,0.46426545660805446,1.0,8.042316436767578,1.4845924377441406
632,80,cvae,4,42,0.2890625,0.40625,0.3614982578397212,1.0,9.305654525756836,1.8268818855285645
633,80,cvae,4,42,0.34375,0.375,0.45141065830721006,1.0,6.530442237854004,1.2888131141662598
634,80,cvae,4,42,0.34375,0.375,0.5116279069767442,1.0,10.334549903869629,1.5774568319320679
635,80,cvae,4,42,0.296875,0.359375,0.425531914893617,1.0,6.637555122375488,1.1870832443237305
636,80,cvae,4,42,0.421875,0.4375,0.4772727272727273,1.0,8.809423446655273,1.4775880575180054
637,80,cvae,4,42,0.34375,0.421875,0.4405642923219242,1.0,6.0410308837890625,1.0469489097595215
638,80,cvae,4,42,0.3125,0.421875,0.4583333333333333,1.0,4.182140350341797,0.8091058731079102
639,80,cvae,4,42,0.296875,0.328125,0.41935483870967744,1.0,7.650707244873047,1.3243604898452759
640,80,cvae,4,42,0.421875,0.359375,0.5164835164835165,1.0,8.503787994384766,1.228981614112854
641,80,cvae,4,42,0.296875,0.34375,0.42857142857142855,1.0,7.705541610717773,1.196408987045288
642,80,cvae,4,42,0.328125,0.4765625,0.4636363636363636,1.0,6.640202522277832,1.3709889650344849
643,80,cvae,4,42,0.375,0.5625,0.4520547945205479,1.0,1.710332989692688,0.376396507024765
644,80,cvae,4,42,0.28125,0.421875,0.42857142857142855,1.0,2.840780735015869,0.5212733745574951
645,80,cvae,4,42,0.4921875,0.46875,0.5189909297052154,1.0,6.795457363128662,1.1617180109024048
646,80,cvae,4,42,0.3125,0.375,0.43478260869565216,1.0,14.788370132446289,1.8237992525100708
647,80,cvae,4,42,0.359375,0.46875,0.4603174603174603,1.0,4.566626071929932,0.8238582611083984
648,80,cvae,4,42,0.3828125,0.40625,0.4141233766233766,1.0,7.652965545654297,1.2507416009902954
649,80,cvae,4,42,0.390625,0.4375,0.42727272727272725,1.0,4.451291561126709,0.866277277469635
650,80,cvae,4,42,0.328125,0.59375,0.43333333333333335,1.0,5.355243682861328,0.8410617709159851
651,80,cvae,4,42,0.375,0.421875,0.4797514956281638,1.0,7.459997177124023,1.1100879907608032
652,80,cvae,4,42,0.2890625,0.3359375,0.4817567567567568,1.0,14.516570091247559,2.009793281555176
653,80,cvae,4,42,0.4296875,0.484375,0.45270270270270274,1.0,4.576796531677246,0.8843062520027161
654,80,cvae,4,42,0.421875,0.46875,0.42620320855614974,1.0,3.8788437843322754,0.7416191697120667
655,80,cvae,4,42,0.34375,0.328125,0.5384615384615384,1.0,7.075407981872559,1.3107675313949585
656,80,cvae,4,42,0.359375,0.3828125,0.4875,1.0,7.928849220275879,1.491718053817749
657,80,cvae,4,42,0.3203125,0.4296875,0.46117424242424243,1.0,8.532621383666992,1.3215839862823486
658,80,cvae,4,42,0.25,0.3359375,0.4,1.0,9.780620574951172,1.477339267730713
659,80,cvae,4,42,0.4921875,0.609375,0.5095246734397678,1.0,8.376277923583984,1.2252488136291504
660,80,cvae,4,42,0.3125,0.328125,0.5,1.0,7.004824638366699,1.4916290044784546
661,80,cvae,4,42,0.359375,0.359375,0.4339622641509434,1.0,6.171366214752197,1.0402473211288452
662,80,cvae,4,42,0.296875,0.375,0.4418604651162791,1.0,7.553149223327637,1.119657278060913
663,80,cvae,4,42,0.359375,0.578125,0.3888888888888889,1.0,3.0655508041381836,0.6380203366279602
664,80,cvae,4,42,0.3515625,0.34375,0.4782312925170068,1.0,6.444840908050537,1.0449951887130737
665,80,cvae,4,42,0.3125,0.4375,0.43137254901960786,1.0,6.6362528800964355,1.1020793914794922
666,80,cvae,4,42,0.296875,0.421875,0.47788461538461535,1.0,5.501003742218018,0.9126583933830261
667,80,cvae,4,42,0.359375,0.5078125,0.42659380692167576,1.0,5.501570701599121,1.0834587812423706
668,80,cvae,4,42,0.3125,0.3125,0.4315159574468085,1.0,13.553627014160156,1.9231717586517334
669,80,cvae,4,42,0.296875,0.265625,0.4528301886792453,1.0,11.029853820800781,1.9197471141815186
670,80,cvae,4,42,0.359375,0.3984375,0.48469387755102045,1.0,6.071110725402832,1.0655522346496582
671,80,cvae,4,42,0.5390625,0.4921875,0.5497287522603979,1.0,5.8641862869262695,1.0539578199386597
672,80,cvae,4,42,0.328125,0.34375,0.4722222222222222,1.0,8.741475105285645,1.5131479501724243
673,80,cvae,4,42,0.296875,0.28125,0.3958333333333333,1.0,11.069143295288086,1.6076792478561401
674,80,cvae,4,42,0.3046875,0.3828125,0.4280523255813954,1.0,5.059029579162598,0.9827103018760681
675,80,cvae,4,42,0.34375,0.546875,0.5423728813559322,1.0,5.611720561981201,1.073215126991272
676,80,cvae,4,42,0.359375,0.390625,0.4791304347826087,1.0,7.460719585418701,1.132110834121704
677,80,cvae,4,42,0.3125,0.4375,0.4223809523809524,1.0,7.3593292236328125,1.1489237546920776
678,80,cvae,4,42,0.34375,0.390625,0.3939393939393939,1.0,6.1044921875,1.0434746742248535
679,80,cvae,4,42,0.265625,0.328125,0.45,1.0,7.443598747253418,1.4190102815628052
680,80,cvae,4,42,0.5703125,0.6640625,0.560989913206662,1.0,4.098386287689209,0.6587631106376648
681,80,cvae,4,42,0.3984375,0.40625,0.4756675279931094,1.0,5.140215873718262,0.9463003873825073
682,80,cvae,4,42,0.34375,0.421875,0.43504901960784315,1.0,5.030089378356934,1.0562360286712646
683,80,cvae,4,42,0.3671875,0.3515625,0.5402777777777779,1.0,6.472260475158691,1.2223552465438843
684,80,cvae,4,42,0.359375,0.359375,0.4,1.0,9.660337448120117,1.3990098237991333
685,80,cvae,4,42,0.34375,0.359375,0.5272727272727272,1.0,5.641467094421387,1.3094911575317383
686,80,cvae,4,42,0.3046875,0.46875,0.3891492429704398,1.0,3.201870918273926,0.6814495325088501
687,80,cvae,4,42,0.2734375,0.359375,0.4551470588235294,1.0,7.305418968200684,1.1179395914077759
688,80,cvae,4,42,0.3125,0.34375,0.47058823529411764,1.0,8.031554222106934,1.4474778175354004
689,80,cvae,4,42,0.359375,0.453125,0.46938775510204084,1.0,7.162561893463135,1.1216777563095093
690,80,cvae,4,42,0.34375,0.296875,0.4455128205128205,1.0,10.372278213500977,1.8405452966690063
691,80,cvae,4,42,0.3515625,0.5078125,0.4636842105263158,1.0,4.546265602111816,0.9601007699966431
692,80,cvae,4,42,0.3828125,0.4140625,0.5012684989429176,1.0,7.941361427307129,0.9726181626319885
693,80,cvae,4,42,0.2890625,0.421875,0.40588235294117647,1.0,5.042619705200195,0.8075248599052429
694,80,cvae,4,42,0.3203125,0.4375,0.4185185185185185,1.0,6.644865036010742,1.1561776399612427
695,80,cvae,4,42,0.375,0.453125,0.43478260869565216,1.0,5.557313919067383,0.8650342226028442
696,80,cvae,4,42,0.3125,0.328125,0.4444444444444444,1.0,7.580775260925293,1.2599618434906006
697,80,cvae,4,42,0.3125,0.4453125,0.47580645161290325,1.0,4.61419677734375,0.8679152727127075
698,80,cvae,4,42,0.265625,0.375,0.41304347826086957,1.0,7.915008544921875,1.2765562534332275
699,80,cvae,4,42,0.3515625,0.390625,0.46794871794871795,1.0,10.779823303222656,1.5673274993896484
700,80,cvae,4,42,0.375,0.359375,0.4243498817966903,1.0,7.714092254638672,1.2814791202545166
701,80,cvae,4,42,0.359375,0.3984375,0.45804897631473307,1.0,7.65167236328125,1.2482266426086426
702,80,cvae,4,42,0.34375,0.34375,0.48469387755102045,1.0,6.049396991729736,1.0786876678466797
703,80,cvae,4,42,0.3125,0.359375,0.475,1.0,8.99601936340332,1.9608124494552612
704,80,cvae,4,42,0.3515625,0.4375,0.4407008086253369,1.0,3.4304728507995605,0.7528902888298035
705,80,cvae,4,42,0.2890625,0.3984375,0.41640866873065013,1.0,6.734823226928711,1.1192576885223389
706,80,cvae,4,42,0.3359375,0.375,0.5089285714285714,1.0,7.1121978759765625,1.1279208660125732
707,80,cvae,4,42,0.4140625,0.421875,0.5049019607843137,1.0,5.676926136016846,1.1137776374816895
708,80,cvae,4,42,0.328125,0.375,0.41818181818181815,1.0,4.3047051429748535,0.8160337209701538
709,80,cvae,4,42,0.5,0.78125,0.5245901639344263,1.0,5.97490119934082,1.1361314058303833
710,80,cvae,4,42,0.421875,0.40625,0.5522388059701493,1.0,7.2567057609558105,1.0634756088256836
711,80,cvae,4,42,0.4296875,0.3984375,0.5729166666666666,1.0,6.511516571044922,1.2364377975463867
712,80,cvae,4,42,0.28125,0.34375,0.4,1.0,9.184894561767578,1.4658737182617188
713,80,cvae,4,42,0.453125,0.453125,0.543859649122807,1.0,4.761837005615234,0.9750967025756836
714,80,cvae,4,42,0.328125,0.359375,0.44680851063829785,1.0,6.855563163757324,1.0719456672668457
715,80,cvae,4,42,0.3125,0.34375,0.42774193548387096,1.0,13.625226974487305,1.5077379941940308
716,80,cvae,4,42,0.3828125,0.5078125,0.4378205128205128,1.0,3.859549045562744,0.7648538947105408
717,80,cvae,4,42,0.3828125,0.3984375,0.46661828737300437,1.0,9.293482780456543,1.339712142944336
718,80,cvae,4,42,0.3203125,0.3203125,0.399203431372549,1.0,11.962600708007812,1.595795750617981
719,80,cvae,4,42,0.3359375,0.5,0.33980938416422285,1.0,6.358046531677246,1.0051013231277466
720,80,cvae,4,42,0.2890625,0.4453125,0.3959090909090909,1.0,5.402676582336426,1.0045007467269897
721,80,cvae,4,42,0.390625,0.484375,0.43610711718188355,1.0,5.751028060913086,1.0481804609298706
722,80,cvae,4,42,0.2890625,0.4375,0.373342175066313,1.0,3.850802421569824,0.813182532787323
723,80,cvae,4,42,0.2421875,0.3046875,0.3023897058823529,1.0,10.198007583618164,1.48300302028656
724,80,cvae,4,42,0.3125,0.3828125,0.4481605351170569,1.0,8.76584243774414,1.2074670791625977
725,80,cvae,4,42,0.296875,0.46875,0.4,1.0,4.920063495635986,0.839392900466919
726,80,cvae,4,42,0.34375,0.359375,0.4806547619047619,1.0,9.598130226135254,1.472794771194458
727,80,cvae,4,42,0.3359375,0.46875,0.39767441860465114,1.0,4.04373836517334,0.7081483602523804
728,80,cvae,4,42,0.3828125,0.3203125,0.4613526570048309,1.0,8.545028686523438,1.2441929578781128
729,80,cvae,4,42,0.421875,0.46875,0.4318181818181818,1.0,8.235979080200195,1.465126633644104
730,80,cvae,4,42,0.28125,0.375,0.42857142857142855,1.0,6.81204891204834,1.2030736207962036
731,80,cvae,4,42,0.3671875,0.4765625,0.43813131313131315,1.0,4.241603851318359,0.8894838690757751
732,80,cvae,4,42,0.671875,0.671875,0.581081081081081,1.0,3.286417007446289,0.7186794877052307
733,80,cvae,4,42,0.5,0.46875,0.6153846153846154,1.0,5.711122512817383,0.9760972857475281
734,80,cvae,4,42,0.3125,0.359375,0.4666666666666667,1.0,7.4710516929626465,1.400146722793579
735,80,cvae,4,42,0.328125,0.40625,0.4883720930232558,1.0,10.377240180969238,1.5119740962982178
736,80,cvae,4,42,0.3515625,0.4140625,0.44044665012406947,1.0,5.311334609985352,1.1309306621551514
737,80,cvae,4,42,0.3203125,0.34375,0.47560975609756095,1.0,11.863351821899414,1.7253358364105225
738,80,cvae,4,42,0.6875,0.8984375,0.5220864661654135,1.0,3.8738045692443848,0.6272962093353271
739,80,cvae,4,42,0.3125,0.453125,0.38636363636363635,1.0,6.461905479431152,1.0591731071472168
740,80,cvae,4,42,0.3359375,0.40625,0.4357311320754717,1.0,6.468212127685547,1.011136770248413
741,80,cvae,4,42,0.34375,0.359375,0.4574468085106383,1.0,5.279964447021484,0.9197195768356323
742,80,cvae,4,42,0.390625,0.3125,0.5111111111111111,1.0,7.467848300933838,1.3684983253479004
743,80,cvae,4,42,0.265625,0.3125,0.42857142857142855,1.0,15.350500106811523,1.7569268941879272
744,80,cvae,4,42,0.2890625,0.390625,0.41774891774891776,1.0,7.285595893859863,1.1926532983779907
745,80,cvae,4,42,0.265625,0.3828125,0.39906417112299464,1.0,3.275209903717041,0.6431636810302734
746,80,cvae,4,42,0.40625,0.53125,0.45454545454545453,1.0,5.40395975112915,0.8255420327186584
747,80,cvae,4,42,0.375,0.390625,0.5555555555555556,1.0,5.308093070983887,0.8248341679573059
748,80,cvae,4,42,0.328125,0.390625,0.5111111111111111,1.0,10.339284896850586,1.5456163883209229
749,80,cvae,4,42,0.375,0.375,0.48148148148148145,1.0,6.933268070220947,1.206693172454834
750,80,cvae,4,42,0.265625,0.40625,0.38636363636363635,1.0,5.765719890594482,1.1748846769332886
751,80,cvae,4,42,0.3359375,0.359375,0.4690026954177897,1.0,9.917198181152344,1.1869491338729858
752,80,cvae,4,42,0.4375,0.875,0.5192307692307693,1.0,5.532689094543457,0.9528980255126953
753,80,cvae,4,42,0.3671875,0.34375,0.4471153846153846,1.0,9.710685729980469,1.7036057710647583
754,80,cvae,4,42,0.3203125,0.34375,0.4484629294755877,1.0,6.252808094024658,1.0736950635910034
755,80,cvae,4,42,0.3359375,0.3359375,0.5060897435897436,1.0,8.867513656616211,1.497254729270935
756,80,cvae,4,42,0.359375,0.40625,0.5,1.0,6.716987609863281,1.102046012878418
757,80,cvae,4,42,0.34375,0.421875,0.38028169014084506,1.0,5.148880958557129,1.0028514862060547
758,80,cvae,4,42,0.3203125,0.34375,0.46079009433962265,1.0,5.181088447570801,0.9367002844810486
759,80,cvae,4,42,0.328125,0.4375,0.4883720930232558,1.0,8.009397506713867,1.1805567741394043
760,80,cvae,4,42,0.328125,0.328125,0.44680851063829785,1.0,9.37689208984375,1.1051957607269287
761,80,cvae,4,42,0.3125,0.3828125,0.4733753531840904,1.0,12.86540412902832,1.8912570476531982
762,80,cvae,4,42,0.3125,0.375,0.46326754385964913,1.0,8.275421142578125,1.6868499517440796
763,80,cvae,4,42,0.34375,0.4296875,0.4550395256916996,1.0,7.708454132080078,1.318483829498291
764,80,cvae,4,42,0.3125,0.328125,0.42528735632183906,1.0,8.244977951049805,1.478420615196228
765,80,cvae,4,42,0.3125,0.375,0.4878048780487805,1.0,8.435755729675293,1.2476412057876587
766,80,cvae,4,42,0.296875,0.421875,0.475,1.0,7.584395408630371,1.2504653930664062
767,80,cvae,4,42,0.328125,0.46875,0.4516651248843663,1.0,4.3189873695373535,0.7414610385894775
768,80,cvae,4,42,0.328125,0.28125,0.4583333333333333,1.0,4.061323642730713,0.8257531523704529
769,80,cvae,4,42,0.2890625,0.34375,0.4646401985111662,1.0,8.692648887634277,1.7140083312988281
770,80,cvae,4,42,0.359375,0.5625,0.4845706618962433,1.0,3.4179391860961914,0.629256546497345
771,80,cvae,4,42,0.4453125,0.390625,0.5759803921568627,1.0,6.326732635498047,1.153200626373291
772,80,cvae,4,42,0.328125,0.375,0.45596239485403267,1.0,9.13760757446289,1.2447489500045776
773,80,cvae,4,42,0.25,0.375,0.3717607973421927,1.0,4.984975337982178,0.8716616034507751
774,80,cvae,4,42,0.4609375,0.4453125,0.5543859649122806,1.0,6.255785942077637,1.2029098272323608
775,80,cvae,4,42,0.5,0.75,0.5423728813559322,1.0,3.5436360836029053,0.647691011428833
776,80,cvae,4,42,0.3203125,0.3515625,0.45,1.0,7.520816802978516,1.379137635231018
777,80,cvae,4,42,0.3984375,0.5390625,0.3914650537634409,1.0,5.509136199951172,1.2934213876724243
778,80,cvae,4,42,0.984375,0.46875,0.5365853658536586,1.0,3.104980230331421,0.529076337814331
779,80,cvae,4,42,0.296875,0.390625,0.4222222222222222,1.0,7.885039806365967,1.4737074375152588
780,80,cvae,4,42,0.328125,0.484375,0.44680851063829785,1.0,5.271613121032715,0.8873381614685059
781,80,cvae,4,42,0.265625,0.3203125,0.37753587333003463,1.0,11.830839157104492,1.4664692878723145
782,80,cvae,4,42,0.234375,0.28125,0.45454545454545453,1.0,11.53142261505127,1.5828418731689453
783,80,cvae,4,42,0.3125,0.359375,0.3858885017421603,1.0,8.126810073852539,1.189955711364746
784,80,cvae,4,42,0.3125,0.359375,0.47368421052631576,1.0,6.897080421447754,1.34385085105896
785,80,cvae,4,42,0.359375,0.453125,0.4375,1.0,4.262363433837891,0.8687456846237183
786,80,cvae,4,42,0.3359375,0.359375,0.46875,1.0,6.69969367980957,1.1289732456207275
787,80,cvae,4,42,0.296875,0.46875,0.41304347826086957,1.0,3.8180503845214844,0.8328662514686584
788,80,cvae,4,42,0.34375,0.4296875,0.4359042553191489,1.0,4.582018852233887,0.8739094734191895
789,80,cvae,4,42,0.296875,0.3203125,0.43768996960486317,1.0,7.3925886154174805,1.36026132106781
790,80,cvae,4,42,0.328125,0.3828125,0.5384615384615384,1.0,4.2640461921691895,0.8611745834350586
791,80,cvae,4,42,0.4140625,0.609375,0.4861161197259286,1.0,5.237329483032227,1.0006635189056396
792,80,cvae,4,42,0.3203125,0.4453125,0.4204545454545454,1.0,7.729784965515137,1.2737834453582764
793,80,cvae,4,42,0.296875,0.375,0.40425531914893614,1.0,6.7676167488098145,1.1705503463745117
794,80,cvae,4,42,0.265625,0.375,0.3566912539515279,1.0,5.633857727050781,1.0645838975906372
795,80,cvae,4,42,0.40625,0.453125,0.49056603773584906,1.0,4.490712642669678,0.9314994215965271
796,80,cvae,4,42,0.375,0.328125,0.5217391304347826,1.0,11.001106262207031,1.6481826305389404
797,80,cvae,4,42,0.28125,0.3359375,0.4307692307692308,1.0,7.702021598815918,1.0934028625488281
798,80,cvae,4,42,0.328125,0.375,0.5,1.0,8.228577613830566,1.4011014699935913
799,80,cvae,4,42,0.46875,0.4453125,0.5104166666666667,1.0,4.394822597503662,0.898476779460907
800,80,cvae,4,42,0.546875,0.546875,0.5277777777777778,1.0,5.381915092468262,0.9612135887145996
801,80,cvae,4,42,0.359375,0.484375,0.46938775510204084,1.0,3.60758638381958,0.6830347180366516
802,80,cvae,4,42,0.3515625,0.328125,0.44466403162055335,1.0,5.801234722137451,1.118042230606079
803,80,cvae,4,42,0.328125,0.359375,0.47058823529411764,1.0,10.677370071411133,1.5476943254470825
804,80,cvae,4,42,0.359375,0.3203125,0.4954545454545455,1.0,10.3351411819458,1.3801878690719604
805,80,cvae,4,42,0.34375,0.375,0.5143325143325144,1.0,9.12454891204834,1.4458744525909424
806,80,cvae,4,42,0.46875,0.40625,0.5957446808510638,1.0,5.7673420906066895,1.0303577184677124
807,80,cvae,4,42,0.296875,0.40625,0.41025641025641024,1.0,7.573227882385254,1.3002957105636597
808,80,cvae,4,42,0.296875,0.421875,0.391304347826087,1.0,3.516982078552246,0.8211614489555359
809,80,cvae,4,42,0.296875,0.28125,0.43478260869565216,1.0,11.5985107421875,1.637017011642456
810,80,cvae,4,42,0.3046875,0.4296875,0.41930232558139535,1.0,4.536395072937012,0.7677703499794006
811,80,cvae,4,42,0.3515625,0.3203125,0.5108695652173914,1.0,6.339232444763184,1.2833913564682007
812,80,cvae,4,42,0.3203125,0.4140625,0.4513081395348837,1.0,5.700814723968506,0.8521741032600403
813,80,cvae,4,42,0.375,0.421875,0.4423076923076923,1.0,5.55703067779541,0.8944821953773499
814,80,cvae,4,42,0.296875,0.34375,0.41935483870967744,1.0,7.191842079162598,1.2369537353515625
815,80,cvae,4,42,0.3203125,0.3359375,0.46051356589147285,1.0,7.469985008239746,1.3700140714645386
816,80,cvae,4,42,0.3359375,0.40625,0.47916666666666663,1.0,6.0325775146484375,1.188975214958191
817,80,cvae,4,42,0.4296875,0.6796875,0.46676788124156543,1.0,6.350649833679199,1.2078020572662354
818,80,cvae,4,42,0.359375,0.484375,0.5,1.0,3.7310357093811035,0.7389529943466187
819,80,cvae,4,42,0.453125,0.390625,0.48333333333333334,1.0,5.004153251647949,0.8221510052680969
820,80,cvae,4,42,0.3125,0.421875,0.43478260869565216,1.0,6.304421424865723,0.8902328610420227
821,80,cvae,4,42,0.296875,0.328125,0.46511627906976744,1.0,7.082090377807617,1.362136960029602
822,80,cvae,4,42,0.265625,0.296875,0.4583333333333333,1.0,7.759954452514648,1.4629186391830444
823,80,cvae,4,42,0.5625,0.65625,0.5094339622641509,1.0,3.2042839527130127,0.6385202407836914
824,80,cvae,4,42,0.34375,0.359375,0.5,1.0,10.851381301879883,1.799498438835144
825,80,cvae,4,42,0.40625,0.5234375,0.482473544973545,1.0,4.518333435058594,0.9195111393928528
826,80,cvae,4,42,0.3046875,0.4453125,0.3854166666666667,1.0,5.640350341796875,1.234276294708252
827,80,cvae,4,42,0.375,0.3984375,0.42395104895104896,1.0,3.902724027633667,0.6504194140434265
828,80,cvae,4,42,0.34375,0.46875,0.358974358974359,1.0,7.099383354187012,1.1892234086990356
829,80,cvae,4,42,0.34375,0.3515625,0.4291666666666667,1.0,6.786724090576172,1.110998272895813
830,80,cvae,4,42,0.3359375,0.4296875,0.45625,1.0,4.507147312164307,0.7790051102638245
831,80,cvae,4,42,0.328125,0.40625,0.45,1.0,6.542489051818848,1.128820776939392
832,80,cvae,4,42,0.3359375,0.4140625,0.4504901960784314,1.0,6.664135456085205,1.0094515085220337
833,80,cvae,4,42,0.328125,0.375,0.5294117647058824,1.0,9.967164039611816,1.672977089881897
834,80,cvae,4,42,0.421875,0.453125,0.48214285714285715,1.0,5.172848701477051,0.9661972522735596
835,80,cvae,4,42,0.359375,0.46875,0.4791666666666667,1.0,7.036383628845215,1.176617980003357
836,80,cvae,4,42,0.296875,0.375,0.4222222222222222,1.0,5.120779991149902,0.8478334546089172
837,80,cvae,4,42,0.359375,0.453125,0.4222222222222222,1.0,3.9963860511779785,0.8226585984230042
838,80,cvae,4,42,0.3203125,0.34375,0.4875259875259875,1.0,7.021854400634766,1.33492910861969
839,80,cvae,4,42,0.46875,0.546875,0.5116279069767442,1.0,4.601471900939941,0.92033451795578
840,80,cvae,4,42,0.328125,0.3671875,0.4666666666666667,1.0,5.273795127868652,1.0972036123275757
841,80,cvae,4,42,0.375,0.40625,0.4418604651162791,1.0,6.28772497177124,1.0079025030136108
842,80,cvae,4,42,0.328125,0.390625,0.42857142857142855,1.0,7.156886100769043,1.39375901222229
843,80,cvae,4,42,0.34375,0.390625,0.5135135135135135,1.0,15.49046802520752,1.867863416671753
844,80,cvae,4,42,0.390625,0.53125,0.5434782608695652,1.0,6.191034317016602,0.9893771409988403
845,80,cvae,4,42,0.3125,0.375,0.4444444444444444,1.0,7.837700843811035,1.4416974782943726
846,80,cvae,4,42,0.4140625,0.5234375,0.49014778325123154,1.0,4.3983154296875,0.9074874520301819
847,80,cvae,4,42,0.328125,0.3671875,0.47393048128342247,1.0,5.805001258850098,1.0918147563934326
848,80,cvae,4,42,0.4296875,0.5703125,0.43864097363083165,1.0,5.741605758666992,0.9110303521156311
849,80,cvae,4,42,0.4296875,0.4609375,0.4950980392156863,1.0,4.059510231018066,0.748770534992218
850,80,cvae,4,42,0.40625,0.4375,0.5254237288135594,1.0,3.553889274597168,0.7274174094200134
851,80,cvae,4,42,0.3046875,0.484375,0.37077861163227016,1.0,5.7504682540893555,0.9593499302864075
852,80,cvae,4,42,0.3359375,0.4375,0.4387755102040816,1.0,5.44801139831543,1.0349739789962769
853,80,cvae,4,42,0.3125,0.3515625,0.46836609336609336,1.0,6.072627544403076,1.2289552688598633
854,80,cvae,4,42,0.34375,0.5,0.3877551020408163,1.0,4.671997547149658,0.9424962401390076
855,80,cvae,4,42,0.28125,0.421875,0.45945945945945943,1.0,4.3949713706970215,0.8385258316993713
856,80,cvae,4,42,0.453125,0.46875,0.5535714285714286,1.0,3.9401657581329346,0.8033055663108826
857,80,cvae,4,42,0.3125,0.375,0.47058823529411764,1.0,6.159828186035156,1.054148554801941
858,80,cvae,4,42,0.328125,0.390625,0.48717948717948717,1.0,7.942656517028809,1.217139720916748
859,80,cvae,4,42,0.34375,0.359375,0.5106382978723404,1.0,6.132151126861572,1.0403083562850952
860,80,cvae,4,42,0.296875,0.3515625,0.46049896049896055,1.0,7.049835205078125,0.9883395433425903
861,80,cvae,4,42,0.328125,0.515625,0.2916666666666667,1.0,5.7509331703186035,1.0498113632202148
862,80,cvae,4,42,0.328125,0.328125,0.47540983606557374,1.0,11.681166648864746,1.9702937602996826
863,80,cvae,4,42,0.890625,0.84375,0.6161616161616161,1.0,2.8748931884765625,0.511991560459137
864,80,cvae,4,42,0.375,0.46875,0.42105263157894735,1.0,4.238122940063477,0.6972777843475342
865,80,cvae,4,42,0.34375,0.40625,0.4074074074074074,1.0,4.445487976074219,0.8447290062904358
866,80,cvae,4,42,0.3671875,0.4296875,0.5905103668261563,1.0,8.609591484069824,1.3933815956115723
867,80,cvae,4,42,0.421875,0.5078125,0.5023364485981308,1.0,5.34873104095459,1.1178722381591797
868,80,cvae,4,42,0.25,0.328125,0.4411764705882353,1.0,13.722524642944336,2.0445916652679443
869,80,cvae,4,42,0.3046875,0.40625,0.46296296296296297,1.0,7.368870735168457,1.309821367263794
870,80,cvae,4,42,0.390625,0.390625,0.5833333333333334,1.0,7.072055816650391,1.1513348817825317
871,80,cvae,4,42,0.359375,0.46875,0.45777233782129745,1.0,3.524425983428955,0.7244939208030701
872,80,cvae,4,42,0.2890625,0.5,0.45630725863284005,1.0,12.307575225830078,1.5665403604507446
873,80,cvae,4,42,0.421875,0.3828125,0.5565957446808512,1.0,7.439918041229248,1.358360767364502
874,80,cvae,4,42,0.296875,0.390625,0.4,1.0,8.827127456665039,1.2716467380523682
875,80,cvae,4,42,0.3203125,0.4921875,0.40489130434782605,1.0,7.445808410644531,1.256681203842163
876,80,cvae,4,42,0.3046875,0.34375,0.4788838612368024,1.0,6.37652063369751,1.0782489776611328
877,80,cvae,4,42,0.328125,0.3125,0.49056603773584906,1.0,6.618837356567383,1.3115458488464355
878,80,cvae,4,42,0.296875,0.40625,0.5277777777777778,1.0,10.394428253173828,1.8387651443481445
879,80,cvae,4,42,0.359375,0.328125,0.4878048780487805,1.0,5.51947021484375,1.0551506280899048
880,80,cvae,4,42,0.375,0.4375,0.5,1.0,6.305200576782227,1.1797248125076294
881,80,cvae,4,42,0.46875,0.34375,0.5740740740740741,1.0,7.628644943237305,1.5283701419830322
882,80,cvae,4,42,0.28125,0.359375,0.45952380952380956,1.0,8.833269119262695,1.1830857992172241
883,80,cvae,4,42,0.3125,0.390625,0.46511627906976744,1.0,4.9328436851501465,0.9001192450523376
884,80,cvae,4,42,0.296875,0.3359375,0.46426545660805446,1.0,9.290802001953125,1.6262365579605103
885,80,cvae,4,42,0.28125,0.375,0.45454545454545453,1.0,10.358810424804688,1.5802888870239258
886,80,cvae,4,42,0.5,0.578125,0.46551724137931033,1.0,5.037527084350586,0.8333954215049744
887,80,cvae,4,42,0.3359375,0.4140625,0.4734042553191489,1.0,9.344265937805176,1.3268208503723145
888,80,cvae,4,42,0.3046875,0.421875,0.4232954545454546,1.0,4.903608322143555,0.9843771457672119
889,80,cvae,4,42,0.359375,0.671875,0.41818181818181815,1.0,5.988090515136719,0.8382682800292969
890,80,cvae,4,42,0.40625,0.375,0.5416666666666666,1.0,9.216901779174805,1.672806978225708
891,80,cvae,4,42,0.328125,0.46875,0.4375,1.0,8.309303283691406,1.2195605039596558
892,80,cvae,4,42,0.34375,0.421875,0.5121951219512195,1.0,8.183326721191406,1.1801362037658691
893,80,cvae,4,42,0.3125,0.375,0.45454545454545453,1.0,10.337024688720703,1.6531333923339844
894,80,cvae,4,42,0.3515625,0.3984375,0.43454545454545457,1.0,6.607434272766113,1.3001625537872314
895,80,cvae,4,42,0.3984375,0.4453125,0.5255102040816326,1.0,7.2472920417785645,1.362952709197998
896,80,cvae,4,42,0.359375,0.359375,0.46601941747572817,1.0,8.517457962036133,1.2312721014022827
897,80,cvae,4,42,0.296875,0.359375,0.4489795918367347,1.0,4.624936103820801,1.1115206480026245
898,80,cvae,4,42,0.34375,0.421875,0.4418604651162791,1.0,4.217206954956055,0.8059569001197815
899,80,cvae,4,42,0.34375,0.453125,0.44,1.0,6.188666343688965,1.037542462348938
900,80,cvae,4,42,0.296875,0.3359375,0.44387755102040816,1.0,9.5562162399292,1.6124025583267212
901,80,cvae,4,42,0.2890625,0.375,0.3948051948051948,1.0,7.031838417053223,1.2206984758377075
902,80,cvae,4,42,0.2890625,0.375,0.38454106280193234,1.0,4.781472682952881,1.0087289810180664
903,80,cvae,4,42,0.390625,0.53125,0.43103448275862066,1.0,10.47506332397461,1.622902274131775
904,80,cvae,4,42,0.3359375,0.3828125,0.4733527131782945,1.0,5.149478435516357,1.1303658485412598
905,80,cvae,4,42,0.2890625,0.453125,0.39779326364692214,1.0,6.266300201416016,1.1807795763015747
906,80,cvae,4,42,0.390625,0.484375,0.4375,1.0,5.28579044342041,0.8958522081375122
907,80,cvae,4,42,0.359375,0.328125,0.4807692307692308,1.0,7.333728790283203,1.2499663829803467
908,80,cvae,4,42,0.34375,0.390625,0.4782608695652174,1.0,9.96082878112793,1.4551516771316528
909,80,cvae,4,42,0.375,0.421875,0.3469387755102041,1.0,7.054577350616455,1.2660428285598755
910,80,cvae,4,42,0.3984375,0.390625,0.5692307692307692,1.0,9.641153335571289,1.6040459871292114
911,80,cvae,4,42,0.375,0.484375,0.47368421052631576,1.0,4.240246772766113,0.8540157079696655
912,80,cvae,4,42,0.34375,0.546875,0.5230769230769231,1.0,5.020812034606934,0.8872904181480408
913,80,cvae,4,42,0.390625,0.359375,0.4222222222222222,1.0,11.054594039916992,1.8287492990493774
914,80,cvae,4,42,0.3359375,0.375,0.4830808080808081,1.0,7.421801567077637,1.3081248998641968
915,80,cvae,4,42,0.34375,0.328125,0.5116279069767442,1.0,5.996787071228027,1.3614054918289185
916,80,cvae,4,42,0.3125,0.359375,0.38095238095238093,1.0,6.583702087402344,1.0817428827285767
917,80,cvae,4,42,0.3515625,0.421875,0.431959219858156,1.0,5.69858980178833,1.0859792232513428
918,80,cvae,4,42,0.3125,0.359375,0.47619047619047616,1.0,8.211602210998535,1.5027862787246704
919,80,cvae,4,42,0.421875,0.40625,0.4909090909090909,1.0,5.3524932861328125,0.9354809522628784
920,80,cvae,4,42,0.328125,0.484375,0.4166666666666667,1.0,3.3843979835510254,0.7432437539100647
921,80,cvae,4,42,0.375,0.5,0.45454545454545453,1.0,4.478852272033691,0.7627283334732056
922,80,cvae,4,42,0.296875,0.421875,0.4176356589147287,1.0,12.346967697143555,1.7899439334869385
923,80,cvae,4,42,0.34375,0.46875,0.4782608695652174,1.0,4.213171482086182,0.92246413230896
924,80,cvae,4,42,0.2890625,0.28125,0.4650406504065041,1.0,6.966104507446289,1.2080029249191284
925,80,cvae,4,42,0.4296875,0.5234375,0.49774943735933985,1.0,3.302443265914917,0.6982134580612183
926,80,cvae,4,42,0.359375,0.421875,0.46511627906976744,1.0,6.924620628356934,1.2554501295089722
927,80,cvae,4,42,0.640625,0.484375,0.640625,1.0,4.976416110992432,1.0562610626220703
928,80,cvae,4,42,0.328125,0.4375,0.4090909090909091,1.0,6.478816032409668,1.1313213109970093
929,80,cvae,4,42,0.3125,0.421875,0.4838709677419355,1.0,10.373943328857422,1.6328201293945312
930,80,cvae,4,42,0.34375,0.4375,0.4198717948717949,1.0,4.477326393127441,0.9136267900466919
931,80,cvae,4,42,0.296875,0.359375,0.4523809523809524,1.0,6.757308483123779,1.278539776802063
932,80,cvae,4,42,0.3671875,0.4296875,0.48147418210484827,1.0,4.79304838180542,0.9548556208610535
933,80,cvae,4,42,0.640625,0.609375,0.6172839506172839,1.0,8.339798927307129,0.9268931746482849
934,80,cvae,4,42,0.359375,0.46875,0.5204166666666667,1.0,5.385087490081787,1.0682786703109741
935,80,cvae,4,42,0.3046875,0.34375,0.45341614906832295,1.0,10.32540512084961,1.3252081871032715
936,80,cvae,4,42,0.296875,0.375,0.4117647058823529,1.0,7.288137435913086,1.6138288974761963
937,80,cvae,4,42,0.59375,0.3828125,0.5938296787353391,1.0,6.350991725921631,1.1542717218399048
938,80,cvae,4,42,0.3125,0.328125,0.4057971014492754,1.0,7.177980422973633,1.271956443786621
939,80,cvae,4,42,0.328125,0.53125,0.4666666666666667,1.0,4.347486972808838,0.7069349884986877
940,80,cvae,4,42,0.390625,0.359375,0.46296296296296297,1.0,5.827944278717041,1.1190816164016724
941,80,cvae,4,42,0.328125,0.296875,0.5113636363636364,1.0,20.471668243408203,2.444281816482544
942,80,cvae,4,42,0.3046875,0.390625,0.42500000000000004,1.0,7.785415172576904,1.3862258195877075
943,80,cvae,4,42,0.34375,0.421875,0.42857142857142855,1.0,9.263483047485352,1.2634284496307373
944,80,cvae,4,42,0.296875,0.34375,0.4577380952380952,1.0,13.32496166229248,1.6381052732467651
945,80,cvae,4,42,0.28125,0.3671875,0.39970355731225293,1.0,8.504063606262207,1.4367756843566895
946,80,cvae,4,42,0.421875,0.53125,0.5270572450805009,1.0,6.884472370147705,1.2052466869354248
947,80,cvae,4,42,0.359375,0.453125,0.5064935064935066,1.0,9.95590591430664,1.6613796949386597
948,80,cvae,4,42,0.3125,0.359375,0.425531914893617,1.0,6.143379211425781,1.1160765886306763
949,80,cvae,4,42,0.328125,0.484375,0.4375,1.0,3.1440625190734863,0.6738570332527161
950,80,cvae,4,42,0.3125,0.3671875,0.4769230769230769,1.0,4.516110420227051,0.7844972610473633
951,80,cvae,4,42,0.34375,0.375,0.4857142857142857,1.0,7.064905643463135,1.3115944862365723
952,80,cvae,4,42,0.328125,0.296875,0.5,1.0,7.707770824432373,1.2854152917861938
953,80,cvae,4,42,0.328125,0.4375,0.34,1.0,3.627291202545166,0.8442850708961487
954,80,cvae,4,42,0.3515625,0.375,0.45372596153846156,1.0,10.759111404418945,1.3850661516189575
955,80,cvae,4,42,0.4609375,0.453125,0.5073367571533383,1.0,3.678382396697998,0.6483473181724548
956,80,cvae,4,42,0.3125,0.34375,0.3902439024390244,1.0,7.160138130187988,1.4486502408981323
957,80,cvae,4,42,0.375,0.4765625,0.45490716180371354,1.0,3.271512746810913,0.6452975869178772
958,80,cvae,4,42,0.3125,0.3046875,0.49193548387096775,1.0,8.451464653015137,1.6126208305358887
959,80,cvae,4,42,0.453125,0.671875,0.35294117647058826,1.0,4.576852321624756,0.8140762448310852
960,80,cvae,4,42,0.625,0.59375,0.5555555555555556,1.0,3.582423686981201,0.6097127199172974
961,80,cvae,4,42,0.296875,0.359375,0.4301948051948052,1.0,4.09712028503418,0.8343099355697632
962,80,cvae,4,42,0.296875,0.3125,0.4807692307692308,1.0,9.545164108276367,1.5269144773483276
963,80,cvae,4,42,0.375,0.34375,0.5636363636363636,1.0,9.609427452087402,1.6018388271331787
964,80,cvae,4,42,0.328125,0.4375,0.4411764705882353,1.0,5.474752426147461,1.0638939142227173
965,80,cvae,4,42,0.3984375,0.4140625,0.45,1.0,4.150033473968506,0.838661789894104
966,80,cvae,4,42,0.3984375,0.3515625,0.5897435897435898,1.0,11.642627716064453,1.4126100540161133
967,80,cvae,4,42,0.3125,0.4296875,0.44345238095238093,1.0,3.5119144916534424,0.8023016452789307
968,80,cvae,4,42,0.390625,0.4375,0.5102040816326531,1.0,9.644729614257812,1.4574350118637085
969,80,cvae,4,42,0.3125,0.375,0.4165217391304348,1.0,5.490883827209473,1.0974470376968384
970,80,cvae,4,42,0.3203125,0.3203125,0.4220985691573927,1.0,5.507240295410156,0.9708361625671387
971,80,cvae,4,42,0.34375,0.453125,0.4230769230769231,1.0,7.814665794372559,1.458905577659607
972,80,cvae,4,42,0.328125,0.328125,0.44680851063829785,1.0,7.873671054840088,1.3714892864227295
973,80,cvae,4,42,0.28125,0.4375,0.41935483870967744,1.0,5.379509925842285,0.9454466104507446
974,80,cvae,4,42,0.484375,0.453125,0.3780487804878049,1.0,8.162819862365723,1.1526752710342407
975,80,cvae,4,42,0.421875,0.4375,0.5,1.0,6.944154262542725,1.1452178955078125
976,80,cvae,4,42,0.3203125,0.328125,0.5477443609022556,1.0,8.752851486206055,1.266450047492981
977,80,cvae,4,42,0.265625,0.34375,0.4079391891891892,1.0,7.175278663635254,1.392415165901184
978,80,cvae,4,42,0.296875,0.34375,0.44562419562419564,1.0,12.159871101379395,1.6631345748901367
979,80,cvae,4,42,0.421875,0.6875,0.2946459117345193,1.0,4.4377899169921875,0.785092830657959
980,80,cvae,4,42,0.625,0.71875,0.5263157894736842,1.0,4.639639854431152,0.9844379425048828
981,80,cvae,4,42,0.28125,0.3125,0.4339622641509434,1.0,6.036079406738281,1.1396652460098267
982,80,cvae,4,42,0.375,0.421875,0.4642857142857143,1.0,3.6406311988830566,0.7957596778869629
983,80,cvae,4,42,0.28125,0.34375,0.46153846153846156,1.0,8.227139472961426,1.512951374053955
984,80,cvae,4,42,0.3203125,0.34375,0.46510297482837526,1.0,6.638528823852539,1.2691500186920166
985,80,cvae,4,42,0.390625,0.453125,0.38,1.0,3.7849764823913574,0.6712937355041504
986,80,cvae,4,42,0.3125,0.3359375,0.44193262411347517,1.0,5.097263336181641,1.0742515325546265
987,80,cvae,4,42,0.3671875,0.359375,0.4962121212121212,1.0,5.529115676879883,1.1557230949401855
988,80,cvae,4,42,0.34375,0.359375,0.5,1.0,6.8796281814575195,1.4357744455337524
989,80,cvae,4,42,0.46875,0.46875,0.45652173913043476,1.0,6.3582634925842285,1.3215551376342773
990,80,cvae,4,42,0.5078125,0.640625,0.4558793766444039,1.0,4.1010847091674805,0.9319671988487244
991,80,cvae,4,42,0.375,0.390625,0.44680851063829785,1.0,6.575331687927246,0.9657383561134338
992,80,cvae,4,42,0.28125,0.3125,0.4375,1.0,10.875598907470703,1.753469467163086
993,80,cvae,4,42,0.3671875,0.46875,0.5148492907801419,1.0,8.218554496765137,1.2227809429168701
994,80,cvae,4,42,0.3125,0.296875,0.4566683964711987,1.0,10.387491226196289,1.7718431949615479
995,80,cvae,4,42,0.40625,0.390625,0.5121951219512195,1.0,6.960184097290039,1.3553264141082764
996,80,cvae,4,42,0.515625,0.484375,0.5892857142857143,1.0,4.799015522003174,0.8049523234367371
997,80,cvae,4,42,0.46875,0.53125,0.5932203389830508,1.0,5.274823188781738,1.129525065422058
998,80,cvae,4,42,0.3203125,0.390625,0.4542635658914729,1.0,4.787691116333008,0.913077175617218
999,80,cvae,4,42,0.3359375,0.375,0.4334302325581395,1.0,10.494253158569336,1.704807162284851
0,120,cvae,4,42,0.34375,0.2734375,0.5477777777777778,1.0,9.265658378601074,1.932399868965149
1,120,cvae,4,42,0.34375,0.375,0.42,1.0,7.345431327819824,1.1877930164337158
2,120,cvae,4,42,0.3515625,0.390625,0.5503787878787879,1.0,6.527078628540039,1.3181973695755005
3,120,cvae,4,42,0.390625,0.40625,0.5227272727272727,1.0,6.847564697265625,1.200876235961914
4,120,cvae,4,42,0.421875,0.40625,0.5192307692307693,1.0,10.777694702148438,1.3711143732070923
5,120,cvae,4,42,0.296875,0.4921875,0.40652173913043477,1.0,6.391378879547119,1.0555267333984375
6,120,cvae,4,42,0.34375,0.328125,0.525,1.0,7.965738296508789,1.3907276391983032
7,120,cvae,4,42,0.328125,0.4375,0.4772727272727273,1.0,3.0343117713928223,0.5690032839775085
8,120,cvae,4,42,0.375,0.4296875,0.5291889483065954,1.0,7.836369514465332,1.2958263158798218
9,120,cvae,4,42,0.34375,0.3046875,0.5627450980392157,1.0,9.86549186706543,1.8293319940567017
10,120,cvae,4,42,0.3359375,0.3515625,0.5388157894736842,1.0,8.141600608825684,1.6863970756530762
11,120,cvae,4,42,0.328125,0.421875,0.4772727272727273,1.0,5.270930290222168,0.8190447688102722
12,120,cvae,4,42,0.40625,0.3359375,0.5463157894736843,1.0,6.4321184158325195,1.0795882940292358
13,120,cvae,4,42,0.28125,0.34375,0.42732732732732737,1.0,6.837700366973877,1.400132417678833
14,120,cvae,4,42,0.359375,0.3203125,0.5,1.0,5.171234130859375,0.9208923578262329
15,120,cvae,4,42,0.375,0.328125,0.5513636363636363,1.0,3.129183530807495,0.5740615725517273
16,120,cvae,4,42,0.296875,0.328125,0.4668803418803419,1.0,12.651021957397461,1.4761279821395874
17,120,cvae,4,42,0.328125,0.328125,0.48717948717948717,1.0,8.386587142944336,1.559821605682373
18,120,cvae,4,42,0.359375,0.375,0.532258064516129,1.0,5.279278755187988,0.8053242564201355
19,120,cvae,4,42,0.4609375,0.4765625,0.5103896103896104,1.0,4.746423721313477,0.9957358241081238
20,120,cvae,4,42,0.3515625,0.390625,0.4575,1.0,4.314564228057861,0.91648268699646
21,120,cvae,4,42,0.328125,0.40625,0.5227272727272727,1.0,5.608476638793945,1.0186476707458496
22,120,cvae,4,42,0.34375,0.2734375,0.5325,1.0,10.61562728881836,1.6027766466140747
23,120,cvae,4,42,0.625,0.578125,0.6060606060606061,1.0,4.83964729309082,0.8770075440406799
24,120,cvae,4,42,0.359375,0.4375,0.5,1.0,3.5688207149505615,0.780379056930542
25,120,cvae,4,42,0.359375,0.4375,0.6231884057971014,1.0,3.659315586090088,0.7429068684577942
26,120,cvae,4,42,0.328125,0.34375,0.49019607843137253,1.0,5.589175224304199,1.1079188585281372
27,120,cvae,4,42,0.453125,0.4375,0.4418604651162791,1.0,4.565006256103516,0.8099247217178345
28,120,cvae,4,42,0.328125,0.328125,0.525,1.0,7.879213333129883,1.1613601446151733
29,120,cvae,4,42,0.328125,0.390625,0.4444444444444444,1.0,5.353052139282227,1.1325584650039673
30,120,cvae,4,42,0.28125,0.3203125,0.44084084084084085,1.0,5.053886890411377,0.9910168051719666
31,120,cvae,4,42,0.359375,0.3828125,0.49136363636363634,1.0,3.3681373596191406,0.7762792110443115
32,120,cvae,4,42,0.3203125,0.265625,0.46964285714285714,1.0,6.3554911613464355,1.2791001796722412
33,120,cvae,4,42,0.453125,0.4453125,0.48958333333333337,1.0,5.116556644439697,0.9872774481773376
34,120,cvae,4,42,0.3359375,0.359375,0.47776679841897235,1.0,7.2399492263793945,1.3276046514511108
35,120,cvae,4,42,0.34375,0.328125,0.4888888888888889,1.0,12.554033279418945,1.7901095151901245
36,120,cvae,4,42,0.40625,0.3828125,0.5758928571428572,1.0,4.171228408813477,0.8473134636878967
37,120,cvae,4,42,0.328125,0.4609375,0.4816860465116279,1.0,5.168203830718994,0.9788718223571777
38,120,cvae,4,42,0.328125,0.28125,0.525,1.0,11.683801651000977,2.100245475769043
39,120,cvae,4,42,0.3515625,0.4140625,0.5113695090439276,1.0,5.755332946777344,0.9310759902000427
40,120,cvae,4,42,0.359375,0.375,0.5048894557823129,1.0,4.835292816162109,0.9926969408988953
41,120,cvae,4,42,0.390625,0.4375,0.5368181818181819,1.0,3.9938912391662598,0.8477814197540283
42,120,cvae,4,42,0.46875,0.46875,0.5737704918032787,1.0,7.589109420776367,1.2990113496780396
43,120,cvae,4,42,0.421875,0.453125,0.54,1.0,5.483398914337158,1.0309137105941772
44,120,cvae,4,42,0.390625,0.328125,0.49797570850202433,1.0,8.376710891723633,1.3987246751785278
45,120,cvae,4,42,0.34375,0.296875,0.5151515151515151,1.0,8.125158309936523,1.4935336112976074
46,120,cvae,4,42,0.40625,0.3828125,0.5449604743083004,1.0,8.465609550476074,1.5716601610183716
47,120,cvae,4,42,0.4296875,0.359375,0.5242673992673993,1.0,7.007619857788086,1.0944273471832275
48,120,cvae,4,42,0.3828125,0.390625,0.47972748421402456,1.0,5.293519020080566,0.9894552826881409
49,120,cvae,4,42,0.65625,0.609375,0.6379310344827587,1.0,3.811990737915039,0.8076564073562622
50,120,cvae,4,42,0.3359375,0.3515625,0.522659511031604,1.0,9.620697021484375,1.684235692024231
51,120,cvae,4,42,0.421875,0.421875,0.5434782608695652,1.0,10.974784851074219,1.593900442123413
52,120,cvae,4,42,0.359375,0.40625,0.5327380952380953,1.0,5.871476173400879,0.9451920986175537
53,120,cvae,4,42,0.359375,0.3828125,0.503157894736842,1.0,5.507685661315918,1.0484060049057007
54,120,cvae,4,42,0.359375,0.359375,0.5348837209302325,1.0,9.465591430664062,1.77247953414917
55,120,cvae,4,42,0.34375,0.3984375,0.5742793791574279,1.0,7.568996429443359,1.4678597450256348
56,120,cvae,4,42,0.484375,0.6015625,0.5408262849707222,1.0,5.570381164550781,1.1079802513122559
57,120,cvae,4,42,0.3515625,0.359375,0.49528301886792453,1.0,5.04759407043457,0.9742913842201233
58,120,cvae,4,42,0.4375,0.421875,0.5208333333333333,1.0,4.563501834869385,0.7465754151344299
59,120,cvae,4,42,0.359375,0.3671875,0.44265873015873014,1.0,4.036954879760742,0.7569203972816467
60,120,cvae,4,42,0.34375,0.390625,0.5,1.0,7.939949989318848,1.396256685256958
61,120,cvae,4,42,0.453125,0.5,0.4910714285714286,1.0,7.670291423797607,1.604270100593567
62,120,cvae,4,42,0.328125,0.375,0.5416666666666666,1.0,3.792234182357788,0.7840889096260071
63,120,cvae,4,42,0.3359375,0.4140625,0.48863636363636365,1.0,3.4527599811553955,0.6790914535522461
64,120,cvae,4,42,0.3359375,0.3203125,0.5104166666666667,1.0,6.628927230834961,1.1512658596038818
65,120,cvae,4,42,0.328125,0.328125,0.5,1.0,8.55821704864502,1.5500582456588745
66,120,cvae,4,42,0.359375,0.328125,0.5138888888888888,1.0,10.658533096313477,1.473935842514038
67,120,cvae,4,42,0.3828125,0.34375,0.5307926829268292,1.0,6.540102958679199,1.254031777381897
68,120,cvae,4,42,0.328125,0.4375,0.5,1.0,6.036448001861572,1.0458253622055054
69,120,cvae,4,42,0.390625,0.34375,0.5813953488372093,1.0,15.479020118713379,1.6507415771484375
70,120,cvae,4,42,0.328125,0.3203125,0.48863636363636365,1.0,10.539932250976562,1.903538465499878
71,120,cvae,4,42,0.390625,0.34375,0.5813953488372093,1.0,6.845640182495117,1.3987482786178589
72,120,cvae,4,42,0.390625,0.40625,0.4716577540106952,1.0,10.053694725036621,1.7485922574996948
73,120,cvae,4,42,0.3125,0.265625,0.5125,1.0,7.527722358703613,1.281532645225525
74,120,cvae,4,42,0.421875,0.3359375,0.5702639751552796,1.0,5.2768096923828125,1.1977962255477905
75,120,cvae,4,42,0.421875,0.34375,0.43956043956043955,1.0,3.7823715209960938,0.7818290591239929
76,120,cvae,4,42,0.328125,0.3125,0.525,1.0,8.921034812927246,1.487790822982788
77,120,cvae,4,42,0.296875,0.3515625,0.45789779326364694,1.0,8.393616676330566,1.5258076190948486
78,120,cvae,4,42,0.3125,0.359375,0.453125,1.0,5.829996585845947,0.9979149699211121
79,120,cvae,4,42,0.328125,0.375,0.6538461538461539,1.0,7.677687644958496,1.389768123626709
80,120,cvae,4,42,0.328125,0.3046875,0.5011363636363637,1.0,6.041106224060059,1.018314003944397
81,120,cvae,4,42,0.328125,0.453125,0.4489795918367347,1.0,3.8697657585144043,0.6845365762710571
82,120,cvae,4,42,0.359375,0.375,0.5588235294117647,1.0,5.043767929077148,0.7991824150085449
83,120,cvae,4,42,0.3984375,0.421875,0.5125,1.0,4.906236171722412,1.077478051185608
84,120,cvae,4,42,0.34375,0.390625,0.48717948717948717,1.0,4.8349103927612305,0.8587172031402588
85,120,cvae,4,42,0.421875,0.359375,0.578125,1.0,5.186575412750244,0.928797721862793
86,120,cvae,4,42,0.375,0.4765625,0.49335863377609107,1.0,7.332120895385742,1.325818657875061
87,120,cvae,4,42,0.390625,0.4375,0.5434782608695652,1.0,6.299499988555908,1.1265732049942017
88,120,cvae,4,42,0.328125,0.3359375,0.4473443223443223,1.0,5.619009017944336,0.8507211208343506
89,120,cvae,4,42,0.390625,0.3984375,0.5288461538461539,1.0,7.096312522888184,1.366921305656433
90,120,cvae,4,42,0.421875,0.453125,0.5004948045522019,1.0,3.550696849822998,0.6801525950431824
91,120,cvae,4,42,0.3515625,0.3359375,0.4727941176470588,1.0,7.778149604797363,1.591307282447815
92,120,cvae,4,42,0.484375,0.4609375,0.45012626262626265,1.0,4.720280647277832,0.8500909209251404
93,120,cvae,4,42,0.59375,0.53125,0.6031746031746031,1.0,3.9568302631378174,0.6687957048416138
94,120,cvae,4,42,0.3125,0.3125,0.425,1.0,8.681288719177246,1.7019715309143066
95,120,cvae,4,42,0.359375,0.328125,0.4523809523809524,1.0,6.880070686340332,1.30518639087677
96,120,cvae,4,42,0.3125,0.4375,0.4878048780487805,1.0,6.709151744842529,1.3752011060714722
97,120,cvae,4,42,0.328125,0.3671875,0.475,1.0,6.421801567077637,0.9530887007713318
98,120,cvae,4,42,0.359375,0.34375,0.5344827586206896,1.0,5.664029121398926,0.9853388071060181
99,120,cvae,4,42,0.4609375,0.4765625,0.4859726836471022,1.0,5.758033752441406,1.0086082220077515
100,120,cvae,4,42,0.484375,0.34375,0.5363095238095239,1.0,5.618488311767578,0.8344545364379883
101,120,cvae,4,42,0.328125,0.328125,0.4625,1.0,6.45399284362793,1.325702428817749
102,120,cvae,4,42,0.578125,0.3125,0.5526315789473685,1.0,5.194281578063965,0.9440866708755493
103,120,cvae,4,42,0.328125,0.375,0.525,1.0,6.579972267150879,1.2091968059539795
104,120,cvae,4,42,0.40625,0.3828125,0.4678184281842819,1.0,10.794525146484375,1.481030821800232
105,120,cvae,4,42,0.453125,0.546875,0.5471698113207547,1.0,6.8491315841674805,1.1489768028259277
106,120,cvae,4,42,0.328125,0.359375,0.5,1.0,10.012932777404785,1.55171537399292
107,120,cvae,4,42,0.3359375,0.3046875,0.5089285714285714,1.0,9.486289978027344,1.4216291904449463
108,120,cvae,4,42,0.359375,0.453125,0.48,1.0,6.879244327545166,1.27336847782135
109,120,cvae,4,42,0.328125,0.328125,0.5666666666666667,1.0,7.984958648681641,1.5738084316253662
110,120,cvae,4,42,0.328125,0.328125,0.5,1.0,7.411078453063965,1.3860498666763306
111,120,cvae,4,42,0.59375,0.5,0.5970588235294118,1.0,3.4978702068328857,0.6476762890815735
112,120,cvae,4,42,0.40625,0.3125,0.54,1.0,6.644556999206543,1.3742058277130127
113,120,cvae,4,42,0.28125,0.375,0.4,1.0,9.808662414550781,1.7439851760864258
114,120,cvae,4,42,0.3046875,0.3203125,0.5,1.0,8.81064510345459,1.6403969526290894
115,120,cvae,4,42,0.328125,0.375,0.475,1.0,6.71451997756958,1.281118392944336
116,120,cvae,4,42,0.328125,0.390625,0.5,1.0,4.668815612792969,0.8527696132659912
117,120,cvae,4,42,0.328125,0.296875,0.5121951219512195,1.0,6.463536262512207,1.1474370956420898
118,120,cvae,4,42,0.359375,0.421875,0.5476190476190477,1.0,4.787343978881836,1.0735037326812744
119,120,cvae,4,42,0.359375,0.34375,0.475,1.0,6.750528335571289,1.2063504457473755
120,120,cvae,4,42,0.34375,0.3203125,0.545369211514393,1.0,6.82274055480957,1.2072381973266602
121,120,cvae,4,42,0.390625,0.328125,0.5434782608695652,1.0,9.818848609924316,1.9028425216674805
122,120,cvae,4,42,0.328125,0.3125,0.5571428571428572,1.0,3.009294271469116,0.5983656644821167
123,120,cvae,4,42,0.390625,0.375,0.525,1.0,6.278726100921631,1.0911208391189575
124,120,cvae,4,42,0.359375,0.328125,0.5238636363636364,1.0,6.440151214599609,1.2260594367980957
125,120,cvae,4,42,0.328125,0.375,0.45652173913043476,1.0,2.440387487411499,0.5257411003112793
126,120,cvae,4,42,0.390625,0.328125,0.5434782608695652,1.0,8.164262771606445,1.482649564743042
127,120,cvae,4,42,0.3515625,0.3359375,0.4965277777777778,1.0,4.636537551879883,0.8364991545677185
128,120,cvae,4,42,0.375,0.3828125,0.5221153846153846,1.0,7.629435062408447,1.2618565559387207
129,120,cvae,4,42,0.328125,0.359375,0.4807692307692308,1.0,4.870452880859375,1.029955267906189
130,120,cvae,4,42,0.328125,0.328125,0.4883720930232558,1.0,7.477411270141602,1.4008952379226685
131,120,cvae,4,42,0.328125,0.328125,0.4375,1.0,12.868979454040527,1.598746657371521
132,120,cvae,4,42,0.3828125,0.3984375,0.5630681818181817,1.0,5.789488792419434,1.2340764999389648
133,120,cvae,4,42,0.359375,0.453125,0.5476190476190477,1.0,6.214919090270996,1.1692036390304565
134,120,cvae,4,42,0.34375,0.390625,0.5535714285714286,1.0,10.37752628326416,1.7494357824325562
135,120,cvae,4,42,0.421875,0.375,0.5417391304347826,1.0,5.69024133682251,0.8898373246192932
136,120,cvae,4,42,0.453125,0.375,0.5918367346938775,1.0,6.250980854034424,0.9688886404037476
137,120,cvae,4,42,0.328125,0.40625,0.4642857142857143,1.0,5.896600723266602,1.0338995456695557
138,120,cvae,4,42,0.3125,0.328125,0.50495337995338,1.0,8.498080253601074,1.6078767776489258
139,120,cvae,4,42,0.40625,0.296875,0.5876190476190476,1.0,6.386560916900635,1.1662547588348389
140,120,cvae,4,42,0.4296875,0.4140625,0.5503706199460916,1.0,3.9182701110839844,0.7325820326805115
141,120,cvae,4,42,0.359375,0.578125,0.5227272727272727,1.0,4.802924156188965,0.8704115152359009
142,120,cvae,4,42,0.3125,0.34375,0.4489795918367347,1.0,9.065267562866211,1.532823085784912
143,120,cvae,4,42,0.53125,0.390625,0.6165994623655914,1.0,5.6760406494140625,1.0989364385604858
144,120,cvae,4,42,0.65625,0.34375,0.5770502645502645,1.0,3.8126916885375977,0.6702512502670288
145,120,cvae,4,42,0.359375,0.375,0.5609756097560976,1.0,9.082382202148438,1.7544156312942505
146,120,cvae,4,42,0.375,0.3828125,0.49886363636363634,1.0,3.824340343475342,0.7587400674819946
147,120,cvae,4,42,0.359375,0.328125,0.5,1.0,6.491101264953613,1.291656732559204
148,120,cvae,4,42,0.46875,0.390625,0.5476190476190477,1.0,5.206066608428955,0.9674546122550964
149,120,cvae,4,42,0.3203125,0.2734375,0.49425675675675673,1.0,10.316084861755371,1.6688659191131592
150,120,cvae,4,42,0.359375,0.5,0.4420995670995671,1.0,6.391716003417969,0.9349817633628845
151,120,cvae,4,42,0.53125,0.390625,0.4927536231884058,1.0,4.823031425476074,0.8315600752830505
152,120,cvae,4,42,0.515625,0.4375,0.48214285714285715,1.0,5.173586845397949,0.9516154527664185
153,120,cvae,4,42,0.3515625,0.3359375,0.5424528301886793,1.0,4.687322616577148,0.8643590211868286
154,120,cvae,4,42,0.5625,0.5234375,0.5160256410256411,1.0,7.264706611633301,1.145928978919983
155,120,cvae,4,42,0.328125,0.421875,0.5434782608695652,1.0,6.41892147064209,1.1255658864974976
156,120,cvae,4,42,0.4140625,0.3046875,0.5888310185185186,1.0,8.4694185256958,1.4067546129226685
157,120,cvae,4,42,0.3125,0.375,0.44380252100840334,1.0,11.618484497070312,1.8880802392959595
158,120,cvae,4,42,0.328125,0.46875,0.42857142857142855,1.0,5.779732704162598,1.0233451128005981
159,120,cvae,4,42,0.3046875,0.359375,0.4606009070294784,1.0,7.548255920410156,1.382610559463501
160,120,cvae,4,42,0.3125,0.34375,0.46590909090909094,1.0,9.613388061523438,1.2504159212112427
161,120,cvae,4,42,0.390625,0.390625,0.6049418604651162,1.0,6.187865257263184,0.9664525389671326
162,120,cvae,4,42,0.34375,0.390625,0.525,1.0,8.16817855834961,1.6080130338668823
163,120,cvae,4,42,0.359375,0.390625,0.525,1.0,5.786308288574219,1.1450961828231812
164,120,cvae,4,42,0.34375,0.265625,0.4446938775510204,1.0,5.519839286804199,1.096369743347168
165,120,cvae,4,42,0.53125,0.640625,0.6293269230769231,1.0,4.1288604736328125,0.8740919232368469
166,120,cvae,4,42,0.515625,0.453125,0.5892857142857143,1.0,4.783224105834961,0.9336532950401306
167,120,cvae,4,42,0.34375,0.375,0.49264705882352944,1.0,5.52055025100708,1.0065932273864746
168,120,cvae,4,42,0.375,0.359375,0.5,1.0,9.423177719116211,1.7351175546646118
169,120,cvae,4,42,0.34375,0.3203125,0.4618055555555556,1.0,8.620033264160156,1.256486415863037
170,120,cvae,4,42,0.296875,0.3359375,0.48272017837235226,1.0,7.146678924560547,1.2355648279190063
171,120,cvae,4,42,0.359375,0.375,0.5,1.0,8.491031646728516,1.4618322849273682
172,120,cvae,4,42,0.390625,0.3984375,0.5304166666666668,1.0,7.798139572143555,1.5279361009597778
173,120,cvae,4,42,0.453125,0.359375,0.5909090909090909,1.0,5.451178073883057,0.815572202205658
174,120,cvae,4,42,0.328125,0.34375,0.5,1.0,6.410473823547363,1.2750732898712158
175,120,cvae,4,42,0.484375,0.4140625,0.5297413793103448,1.0,4.974138259887695,0.8525924682617188
176,120,cvae,4,42,0.4140625,0.4921875,0.53125,1.0,5.260169982910156,1.043331503868103
177,120,cvae,4,42,0.453125,0.390625,0.5427123552123552,1.0,6.512967109680176,1.1024260520935059
178,120,cvae,4,42,0.375,0.328125,0.59375,1.0,10.445486068725586,1.6110928058624268
179,120,cvae,4,42,0.390625,0.359375,0.5185185185185185,1.0,7.451504707336426,1.3874011039733887
180,120,cvae,4,42,0.359375,0.421875,0.4423076923076923,1.0,5.357298851013184,0.7768457531929016
181,120,cvae,4,42,0.421875,0.4375,0.4803846153846154,1.0,7.113037109375,1.5119431018829346
182,120,cvae,4,42,0.296875,0.390625,0.475,1.0,4.621940612792969,0.8143336176872253
183,120,cvae,4,42,0.359375,0.40625,0.4889285714285715,1.0,3.9267799854278564,0.8050093054771423
184,120,cvae,4,42,0.359375,0.5,0.5,1.0,6.502504348754883,1.179307460784912
185,120,cvae,4,42,0.3671875,0.3359375,0.5342391304347827,1.0,8.522682189941406,1.4031676054000854
186,120,cvae,4,42,0.3515625,0.3515625,0.5291666666666667,1.0,7.081594467163086,1.4129679203033447
187,120,cvae,4,42,0.578125,0.484375,0.6039701257861635,1.0,3.7006685733795166,0.6200193762779236
188,120,cvae,4,42,0.578125,0.34375,0.5729166666666666,1.0,6.670703411102295,1.2151681184768677
189,120,cvae,4,42,0.296875,0.328125,0.5365853658536586,1.0,5.0614166259765625,0.989544153213501
190,120,cvae,4,42,0.3359375,0.3359375,0.4671201814058957,1.0,7.9217400550842285,1.2075737714767456
191,120,cvae,4,42,0.296875,0.34375,0.475,1.0,6.295829772949219,1.2235344648361206
192,120,cvae,4,42,0.34375,0.3984375,0.4370629370629371,1.0,3.7970237731933594,0.6349990367889404
193,120,cvae,4,42,0.328125,0.4375,0.48717948717948717,1.0,10.743398666381836,1.7462373971939087
194,120,cvae,4,42,0.421875,0.4375,0.5344827586206896,1.0,4.33250617980957,0.8794816732406616
195,120,cvae,4,42,0.359375,0.296875,0.5416666666666666,1.0,5.158819675445557,0.9865325093269348
196,120,cvae,4,42,0.390625,0.421875,0.525,1.0,4.387469291687012,0.8465129137039185
197,120,cvae,4,42,0.359375,0.515625,0.5348837209302325,1.0,6.8471527099609375,1.276077151298523
198,120,cvae,4,42,0.296875,0.3046875,0.477632296781233,1.0,7.570322036743164,1.4347530603408813
199,120,cvae,4,42,0.359375,0.34375,0.5277777777777778,1.0,7.160445690155029,1.3666534423828125
200,120,cvae,4,42,0.328125,0.28125,0.5555555555555556,1.0,6.064087867736816,1.3706576824188232
201,120,cvae,4,42,0.328125,0.34375,0.5166666666666667,1.0,11.012224197387695,1.741513729095459
202,120,cvae,4,42,0.34375,0.2109375,0.54375,1.0,8.958439826965332,1.5316426753997803
203,120,cvae,4,42,0.578125,0.4375,0.5540540540540541,1.0,4.853494644165039,1.0120583772659302
204,120,cvae,4,42,0.296875,0.28125,0.42857142857142855,1.0,5.693037033081055,1.1193790435791016
205,120,cvae,4,42,0.328125,0.390625,0.4375,1.0,5.89398193359375,1.046069860458374
206,120,cvae,4,42,0.296875,0.328125,0.475,1.0,8.50805377960205,1.3232029676437378
207,120,cvae,4,42,0.390625,0.34375,0.5,1.0,3.939480781555176,0.6213732361793518
208,120,cvae,4,42,0.359375,0.296875,0.5,1.0,10.619800567626953,1.8395954370498657
209,120,cvae,4,42,0.328125,0.34375,0.5769230769230769,1.0,13.518617630004883,2.0666465759277344
210,120,cvae,4,42,0.421875,0.375,0.5686274509803921,1.0,4.747725963592529,0.8335580229759216
211,120,cvae,4,42,0.3125,0.34375,0.48717948717948717,1.0,7.635461330413818,1.4133013486862183
212,120,cvae,4,42,0.359375,0.3125,0.5192307692307693,1.0,7.683196067810059,1.3710858821868896
213,120,cvae,4,42,0.328125,0.3203125,0.5113636363636364,1.0,6.578045845031738,1.2244244813919067
214,120,cvae,4,42,0.328125,0.34375,0.5192307692307693,1.0,4.243286609649658,0.9083000421524048
215,120,cvae,4,42,0.421875,0.34375,0.5625,1.0,6.514592170715332,1.2251498699188232
216,120,cvae,4,42,0.375,0.40625,0.5227732793522267,1.0,10.895090103149414,1.6754539012908936
217,120,cvae,4,42,0.34375,0.3046875,0.5178191489361702,1.0,6.324841499328613,1.1449358463287354
218,120,cvae,4,42,0.421875,0.3984375,0.47590163934426233,1.0,5.218446731567383,1.0103803873062134
219,120,cvae,4,42,0.375,0.3515625,0.4816073570571771,1.0,8.212446212768555,1.3644802570343018
220,120,cvae,4,42,0.3125,0.3125,0.48717948717948717,1.0,9.323528289794922,1.76337730884552
221,120,cvae,4,42,0.3046875,0.3125,0.4803571428571428,1.0,15.240251541137695,1.9627853631973267
222,120,cvae,4,42,0.390625,0.40625,0.5,1.0,3.1053242683410645,0.4878387451171875
223,120,cvae,4,42,0.453125,0.421875,0.4716981132075472,1.0,6.155217170715332,1.191314458847046
224,120,cvae,4,42,0.3828125,0.4296875,0.49421831637372804,1.0,5.245684623718262,0.878839373588562
225,120,cvae,4,42,0.3359375,0.453125,0.4287010159651669,1.0,4.3736066818237305,0.8874044418334961
226,120,cvae,4,42,0.359375,0.34375,0.5,1.0,5.576505184173584,0.8987165093421936
227,120,cvae,4,42,0.390625,0.3515625,0.4508333333333333,1.0,7.456489562988281,1.2827798128128052
228,120,cvae,4,42,0.328125,0.3125,0.4375,1.0,10.21861457824707,1.797767996788025
229,120,cvae,4,42,0.328125,0.359375,0.5102040816326531,1.0,6.558640003204346,1.081928014755249
230,120,cvae,4,42,0.390625,0.34375,0.4807692307692308,1.0,4.440506458282471,0.9322868585586548
231,120,cvae,4,42,0.421875,0.53125,0.46511627906976744,1.0,3.8001255989074707,0.7396623492240906
232,120,cvae,4,42,0.46875,0.453125,0.5263157894736842,1.0,6.231604099273682,1.3486088514328003
233,120,cvae,4,42,0.453125,0.453125,0.475,1.0,4.426083564758301,0.9042604565620422
234,120,cvae,4,42,0.34375,0.4375,0.40995370370370365,1.0,5.457404136657715,1.0657176971435547
235,120,cvae,4,42,0.3671875,0.421875,0.46006066734074824,1.0,6.0008955001831055,1.2184587717056274
236,120,cvae,4,42,0.421875,0.5,0.34210526315789475,1.0,7.072319030761719,1.4551182985305786
237,120,cvae,4,42,0.3125,0.375,0.43902439024390244,1.0,6.8965020179748535,1.3660491704940796
238,120,cvae,4,42,0.3125,0.4375,0.475,1.0,6.29141902923584,1.2127172946929932
239,120,cvae,4,42,0.3359375,0.3828125,0.5122242098986285,1.0,7.806032657623291,1.3428566455841064
240,120,cvae,4,42,0.328125,0.3203125,0.5066860465116279,1.0,6.826826095581055,1.5454459190368652
241,120,cvae,4,42,0.421875,0.484375,0.5555555555555556,1.0,5.724560737609863,1.0780837535858154
242,120,cvae,4,42,0.359375,0.3125,0.5365853658536586,1.0,5.60736083984375,1.165838360786438
243,120,cvae,4,42,0.609375,0.71875,0.582089552238806,1.0,5.673789024353027,0.9447283148765564
244,120,cvae,4,42,0.3515625,0.40625,0.4807692307692308,1.0,7.4054107666015625,1.2717846632003784
245,120,cvae,4,42,0.296875,0.421875,0.46296296296296297,1.0,8.117433547973633,1.396719217300415
246,120,cvae,4,42,0.328125,0.3125,0.56,1.0,6.925626754760742,1.1896449327468872
247,120,cvae,4,42,0.359375,0.3828125,0.5037878787878788,1.0,10.971829414367676,1.3707667589187622
248,120,cvae,4,42,0.3671875,0.453125,0.4610071301247772,1.0,5.524005889892578,1.032208800315857
249,120,cvae,4,42,0.3125,0.3359375,0.475,1.0,3.8568644523620605,0.8153327703475952
250,120,cvae,4,42,0.3125,0.2890625,0.45833333333333337,1.0,9.772102355957031,1.7111444473266602
251,120,cvae,4,42,0.296875,0.3984375,0.4657498702646601,1.0,8.631882667541504,1.366136908531189
252,120,cvae,4,42,0.359375,0.40625,0.478219696969697,1.0,4.832820892333984,0.9657832980155945
253,120,cvae,4,42,0.3125,0.3359375,0.47613636363636364,1.0,11.425445556640625,1.496623158454895
254,120,cvae,4,42,0.375,0.5,0.4791666666666667,1.0,6.393261909484863,1.1465024948120117
255,120,cvae,4,42,0.453125,0.359375,0.5121951219512195,1.0,6.026805400848389,1.2371163368225098
256,120,cvae,4,42,0.34375,0.359375,0.5116279069767442,1.0,9.069737434387207,1.4145780801773071
257,120,cvae,4,42,0.296875,0.359375,0.4418604651162791,1.0,8.06274127960205,1.2210438251495361
258,120,cvae,4,42,0.390625,0.4609375,0.52,1.0,7.301792144775391,1.235925555229187
259,120,cvae,4,42,0.390625,0.3828125,0.5159090909090909,1.0,4.07915735244751,0.8387079238891602
260,120,cvae,4,42,0.359375,0.390625,0.47902097902097907,1.0,7.526882171630859,1.2931057214736938
261,120,cvae,4,42,0.421875,0.375,0.4772727272727273,1.0,7.597646236419678,1.3679596185684204
262,120,cvae,4,42,0.4375,0.4296875,0.5310714285714285,1.0,4.831843376159668,0.9111647605895996
263,120,cvae,4,42,0.4140625,0.4375,0.5638586956521738,1.0,7.8072614669799805,1.5343849658966064
264,120,cvae,4,42,0.296875,0.296875,0.4722222222222222,1.0,12.088254928588867,1.5963175296783447
265,120,cvae,4,42,0.40625,0.5234375,0.43976757369614516,1.0,5.417825698852539,1.076116919517517
266,120,cvae,4,42,0.34375,0.453125,0.4784407665505227,1.0,7.581320762634277,1.3987159729003906
267,120,cvae,4,42,0.390625,0.421875,0.4807692307692308,1.0,4.340769290924072,0.8279528021812439
268,120,cvae,4,42,0.375,0.375,0.525,1.0,5.767899036407471,0.925311803817749
269,120,cvae,4,42,0.5546875,0.421875,0.6175847457627119,1.0,4.665155410766602,0.8789200782775879
270,120,cvae,4,42,0.3125,0.4140625,0.4875,1.0,6.8392133712768555,1.4095021486282349
271,120,cvae,4,42,0.421875,0.3515625,0.5258139534883721,1.0,7.444734573364258,1.2823984622955322
272,120,cvae,4,42,0.328125,0.375,0.48936170212765956,1.0,7.835258483886719,1.348900556564331
273,120,cvae,4,42,0.296875,0.3125,0.5,1.0,5.588985919952393,0.8422610759735107
274,120,cvae,4,42,0.390625,0.546875,0.5434782608695652,1.0,4.202608108520508,0.8784535527229309
275,120,cvae,4,42,0.328125,0.3125,0.525,1.0,8.84170913696289,1.4067953824996948
276,120,cvae,4,42,0.421875,0.375,0.5192307692307693,1.0,5.069376468658447,0.7730242609977722
277,120,cvae,4,42,0.390625,0.40625,0.5641025641025641,1.0,6.495211601257324,1.054596185684204
278,120,cvae,4,42,0.40625,0.3671875,0.5477140783744557,1.0,2.77215313911438,0.5758355855941772
279,120,cvae,4,42,0.453125,0.4140625,0.5758928571428572,1.0,4.972479343414307,0.9966042041778564
280,120,cvae,4,42,0.296875,0.34375,0.5135135135135135,1.0,13.459183692932129,1.68679678440094
281,120,cvae,4,42,0.3125,0.3046875,0.5280398322851153,1.0,5.341712951660156,1.0754095315933228
282,120,cvae,4,42,0.328125,0.375,0.4807692307692308,1.0,6.953363418579102,1.3295525312423706
283,120,cvae,4,42,0.328125,0.4296875,0.45011148272017837,1.0,13.455464363098145,2.0048952102661133
284,120,cvae,4,42,0.421875,0.375,0.525,1.0,7.882129669189453,1.2265280485153198
285,120,cvae,4,42,0.390625,0.328125,0.5208333333333334,1.0,12.42967414855957,1.7325633764266968
286,120,cvae,4,42,0.390625,0.3125,0.5434782608695652,1.0,8.251583099365234,1.4907991886138916
287,120,cvae,4,42,0.3125,0.28125,0.5388888888888889,1.0,6.328415870666504,1.338646411895752
288,120,cvae,4,42,0.328125,0.40625,0.4888888888888889,1.0,8.838882446289062,1.5629546642303467
289,120,cvae,4,42,0.453125,0.40625,0.5344827586206896,1.0,6.408771514892578,1.259147047996521
290,120,cvae,4,42,0.5234375,0.484375,0.5714912280701754,1.0,4.790106296539307,0.9328204393386841
291,120,cvae,4,42,0.40625,0.375,0.5686274509803921,1.0,5.741493225097656,1.1616603136062622
292,120,cvae,4,42,0.390625,0.4609375,0.4806547619047619,1.0,7.27134895324707,1.3582016229629517
293,120,cvae,4,42,0.296875,0.34375,0.475,1.0,6.005416393280029,1.2272344827651978
294,120,cvae,4,42,0.578125,0.375,0.5138888888888888,1.0,6.690074443817139,1.0078719854354858
295,120,cvae,4,42,0.296875,0.328125,0.4833147942157954,1.0,13.547842025756836,2.09708571434021
296,120,cvae,4,42,0.421875,0.40625,0.5471698113207547,1.0,6.820111274719238,1.2557504177093506
297,120,cvae,4,42,0.328125,0.390625,0.48717948717948717,1.0,8.037720680236816,1.2727200984954834
298,120,cvae,4,42,0.34375,0.3671875,0.513474025974026,1.0,9.474807739257812,1.2547262907028198
299,120,cvae,4,42,0.359375,0.40625,0.5833333333333334,1.0,7.0489091873168945,1.0714315176010132
300,120,cvae,4,42,0.34375,0.34375,0.48641025641025637,1.0,12.294332504272461,1.8199642896652222
301,120,cvae,4,42,0.359375,0.359375,0.46590909090909094,1.0,9.119937896728516,1.6874052286148071
302,120,cvae,4,42,0.296875,0.3125,0.46835443037974683,1.0,9.017641067504883,1.653767704963684
303,120,cvae,4,42,0.296875,0.3125,0.4491911021233569,1.0,12.888778686523438,1.9911917448043823
304,120,cvae,4,42,0.4375,0.4140625,0.4957627118644068,1.0,9.527210235595703,1.580363392829895
305,120,cvae,4,42,0.28125,0.328125,0.46118421052631575,1.0,8.94527816772461,1.4994903802871704
306,120,cvae,4,42,0.578125,0.453125,0.5967741935483871,1.0,3.5310285091400146,0.7995878458023071
307,120,cvae,4,42,0.359375,0.2890625,0.5098214285714285,1.0,10.267909049987793,1.4727253913879395
308,120,cvae,4,42,0.296875,0.375,0.5,1.0,8.162298202514648,1.2445662021636963
309,120,cvae,4,42,0.421875,0.328125,0.6122448979591837,1.0,10.47506046295166,1.506722092628479
310,120,cvae,4,42,0.640625,0.453125,0.6180147058823529,1.0,7.511906623840332,1.116275429725647
311,120,cvae,4,42,0.390625,0.375,0.5227272727272727,1.0,5.101096153259277,0.8771986961364746
312,120,cvae,4,42,0.359375,0.3125,0.475,1.0,7.073812484741211,1.194722056388855
313,120,cvae,4,42,0.359375,0.3671875,0.5194444444444444,1.0,11.872227668762207,1.5640864372253418
314,120,cvae,4,42,0.40625,0.3125,0.5261250953470633,1.0,12.301358222961426,1.8263781070709229
315,120,cvae,4,42,0.328125,0.375,0.42,1.0,8.92889404296875,1.4376921653747559
316,120,cvae,4,42,0.421875,0.375,0.5490697674418605,1.0,3.6815853118896484,0.7716756463050842
317,120,cvae,4,42,0.375,0.34375,0.5263157894736842,1.0,9.282571792602539,1.5943331718444824
318,120,cvae,4,42,0.375,0.40625,0.4791666666666667,1.0,5.188902378082275,1.1037410497665405
319,120,cvae,4,42,0.359375,0.46875,0.475,1.0,6.727044105529785,1.4258805513381958
320,120,cvae,4,42,0.3984375,0.3359375,0.5045454545454545,1.0,7.341707229614258,1.251089096069336
321,120,cvae,4,42,0.265625,0.234375,0.425,1.0,10.721190452575684,2.0176708698272705
322,120,cvae,4,42,0.375,0.328125,0.5555555555555556,1.0,8.023944854736328,1.6527541875839233
323,120,cvae,4,42,0.328125,0.296875,0.47154255319148936,1.0,7.1811676025390625,1.460793375968933
324,120,cvae,4,42,0.34375,0.453125,0.48717948717948717,1.0,5.174095153808594,0.9442047476768494
325,120,cvae,4,42,0.40625,0.375,0.47122762148337594,1.0,5.0237650871276855,0.8751421570777893
326,120,cvae,4,42,0.328125,0.28125,0.5434782608695652,1.0,8.503106117248535,1.347099781036377
327,120,cvae,4,42,0.375,0.328125,0.48214285714285715,1.0,5.797260761260986,1.02383291721344
328,120,cvae,4,42,0.4453125,0.5390625,0.49793956043956045,1.0,7.167659759521484,1.1351096630096436
329,120,cvae,4,42,0.34375,0.3515625,0.5058139534883721,1.0,6.853142738342285,1.428218960762024
330,120,cvae,4,42,0.3359375,0.2890625,0.44875,1.0,9.279293060302734,1.633203387260437
331,120,cvae,4,42,0.328125,0.328125,0.4772727272727273,1.0,5.139488697052002,1.1013293266296387
332,120,cvae,4,42,0.671875,0.453125,0.5,1.0,4.297270774841309,0.7108001708984375
333,120,cvae,4,42,0.3515625,0.4296875,0.45261984392419174,1.0,6.7269697189331055,1.002687692642212
334,120,cvae,4,42,0.328125,0.375,0.4772727272727273,1.0,9.58907699584961,1.609387755393982
335,120,cvae,4,42,0.390625,0.3828125,0.540948275862069,1.0,6.299927711486816,1.219835877418518
336,120,cvae,4,42,0.359375,0.2890625,0.5277777777777778,1.0,8.093491554260254,1.4475589990615845
337,120,cvae,4,42,0.4453125,0.421875,0.5094339622641509,1.0,3.6840734481811523,0.7652240991592407
338,120,cvae,4,42,0.3984375,0.3984375,0.49342928660826035,1.0,9.40670394897461,1.6352356672286987
339,120,cvae,4,42,0.421875,0.2890625,0.5680769230769231,1.0,5.728429794311523,0.9459529519081116
340,120,cvae,4,42,0.3515625,0.296875,0.5166666666666666,1.0,4.957805156707764,0.9252338409423828
341,120,cvae,4,42,0.359375,0.390625,0.4531505728314239,1.0,6.883857727050781,1.072702169418335
342,120,cvae,4,42,0.34375,0.3125,0.50495337995338,1.0,8.187091827392578,1.5198018550872803
343,120,cvae,4,42,0.375,0.34375,0.5042207792207792,1.0,9.283394813537598,1.502504587173462
344,120,cvae,4,42,0.390625,0.421875,0.54,1.0,6.157751083374023,1.2882070541381836
345,120,cvae,4,42,0.359375,0.3203125,0.5042735042735043,1.0,10.53770637512207,1.5860838890075684
346,120,cvae,4,42,0.421875,0.40625,0.5948780487804878,1.0,7.313189506530762,1.4442949295043945
347,120,cvae,4,42,0.421875,0.3125,0.5625,1.0,3.2571167945861816,0.6101284027099609
348,120,cvae,4,42,0.359375,0.453125,0.4107142857142857,1.0,6.024309158325195,1.2581126689910889
349,120,cvae,4,42,0.328125,0.328125,0.4489795918367347,1.0,7.545792579650879,1.2166277170181274
350,120,cvae,4,42,0.375,0.4453125,0.45999999999999996,1.0,5.5311126708984375,1.2245103120803833
351,120,cvae,4,42,0.296875,0.359375,0.4318181818181818,1.0,7.405614852905273,1.230120062828064
352,120,cvae,4,42,0.375,0.3515625,0.5060975609756098,1.0,8.169382095336914,1.3052095174789429
353,120,cvae,4,42,0.453125,0.3984375,0.5375,1.0,5.612515449523926,1.0278855562210083
354,120,cvae,4,42,0.421875,0.4609375,0.5785573122529644,1.0,4.971642017364502,0.9801916480064392
355,120,cvae,4,42,0.421875,0.4921875,0.5720833333333333,1.0,3.7241029739379883,0.6054791212081909
356,120,cvae,4,42,0.421875,0.3828125,0.51875,1.0,5.598404407501221,1.079941749572754
357,120,cvae,4,42,0.4609375,0.3203125,0.5841090425531915,1.0,9.318138122558594,1.5907872915267944
358,120,cvae,4,42,0.390625,0.359375,0.5,1.0,6.604198455810547,1.329944133758545
359,120,cvae,4,42,0.3203125,0.4296875,0.45178571428571423,1.0,6.103466987609863,1.1530555486679077
360,120,cvae,4,42,0.296875,0.3671875,0.4584302325581395,1.0,10.205390930175781,1.4823507070541382
361,120,cvae,4,42,0.328125,0.3984375,0.5009428032683847,1.0,6.284780502319336,1.1712592840194702
362,120,cvae,4,42,0.375,0.390625,0.5480769230769231,1.0,5.596076011657715,0.9934664368629456
363,120,cvae,4,42,0.4375,0.453125,0.5283018867924528,1.0,4.006048679351807,0.8341612219810486
364,120,cvae,4,42,0.46875,0.5703125,0.5,1.0,5.082021236419678,0.8436901569366455
365,120,cvae,4,42,0.3984375,0.375,0.5019985465116279,1.0,6.478219032287598,1.2302802801132202
366,120,cvae,4,42,0.328125,0.296875,0.4772727272727273,1.0,5.856879711151123,0.9692363739013672
367,120,cvae,4,42,0.34375,0.328125,0.4722222222222222,1.0,10.278578758239746,1.7762516736984253
368,120,cvae,4,42,0.28125,0.28125,0.4335075493612079,1.0,7.173168659210205,1.1323647499084473
369,120,cvae,4,42,0.3125,0.390625,0.4393719806763285,1.0,3.8505477905273438,0.8929502964019775
370,120,cvae,4,42,0.296875,0.3125,0.4594594594594595,1.0,11.3644380569458,1.6471049785614014
371,120,cvae,4,42,0.34375,0.359375,0.5,1.0,6.703833103179932,1.1533880233764648
372,120,cvae,4,42,0.328125,0.375,0.44644268774703555,1.0,8.488760948181152,1.2429145574569702
373,120,cvae,4,42,0.40625,0.46875,0.5293988591487495,1.0,5.536650657653809,0.9902727007865906
374,120,cvae,4,42,0.390625,0.34375,0.5221588415971917,1.0,5.431758403778076,0.9945862889289856
375,120,cvae,4,42,0.390625,0.3828125,0.6023017902813299,1.0,8.38762092590332,1.481668472290039
376,120,cvae,4,42,0.328125,0.375,0.45652173913043476,1.0,5.512209892272949,0.9871239066123962
377,120,cvae,4,42,0.328125,0.25,0.48717948717948717,1.0,5.190459251403809,0.9265762567520142
378,120,cvae,4,42,0.359375,0.375,0.4370629370629371,1.0,4.145225524902344,0.7898858785629272
379,120,cvae,4,42,0.296875,0.25,0.4736111111111111,1.0,11.584186553955078,1.9113364219665527
380,120,cvae,4,42,0.578125,0.5625,0.6166666666666667,1.0,3.941056966781616,0.6387019157409668
381,120,cvae,4,42,0.421875,0.328125,0.4772727272727273,1.0,8.904815673828125,1.1620142459869385
382,120,cvae,4,42,0.375,0.375,0.5111111111111111,1.0,5.924704074859619,1.150981068611145
383,120,cvae,4,42,0.3984375,0.3828125,0.5060975609756098,1.0,6.497990608215332,1.232742190361023
384,120,cvae,4,42,0.359375,0.328125,0.5,1.0,12.165384292602539,1.6833795309066772
385,120,cvae,4,42,0.296875,0.296875,0.45098039215686275,1.0,8.10137939453125,1.433790683746338
386,120,cvae,4,42,0.453125,0.46875,0.58,1.0,3.4538440704345703,0.7271158695220947
387,120,cvae,4,42,0.328125,0.375,0.5,1.0,9.919486999511719,1.5974570512771606
388,120,cvae,4,42,0.421875,0.3828125,0.5652173913043479,1.0,4.50766658782959,0.8022318482398987
389,120,cvae,4,42,0.359375,0.453125,0.525,1.0,6.596765518188477,0.9976117610931396
390,120,cvae,4,42,0.328125,0.3125,0.5,1.0,10.570549011230469,1.5865298509597778
391,120,cvae,4,42,0.359375,0.3515625,0.5573671497584541,1.0,8.358121871948242,1.435795783996582
392,120,cvae,4,42,0.359375,0.3125,0.41025641025641024,1.0,9.21916389465332,1.6421561241149902
393,120,cvae,4,42,0.328125,0.328125,0.5227272727272727,1.0,8.428552627563477,1.3994332551956177
394,120,cvae,4,42,0.484375,0.4375,0.5535714285714286,1.0,5.181798458099365,1.025189757347107
395,120,cvae,4,42,0.359375,0.359375,0.48717948717948717,1.0,5.264399528503418,1.0846619606018066
396,120,cvae,4,42,0.453125,0.53125,0.5714285714285714,1.0,5.12914514541626,1.003279447555542
397,120,cvae,4,42,0.34375,0.3203125,0.471969696969697,1.0,7.776961326599121,1.366244912147522
398,120,cvae,4,42,0.34375,0.328125,0.5348837209302325,1.0,5.51525354385376,1.133804440498352
399,120,cvae,4,42,0.4453125,0.34375,0.5402777777777779,1.0,5.19074010848999,0.9641668200492859
400,120,cvae,4,42,0.328125,0.421875,0.4375,1.0,4.624197483062744,0.8782894611358643
401,120,cvae,4,42,0.421875,0.375,0.5428030303030302,1.0,3.5727643966674805,0.633480966091156
402,120,cvae,4,42,0.34375,0.34375,0.4583333333333333,1.0,13.180013656616211,1.771852731704712
403,120,cvae,4,42,0.3203125,0.25,0.4943977591036415,1.0,6.42600154876709,1.1393944025039673
404,120,cvae,4,42,0.328125,0.375,0.4473684210526316,1.0,5.079216003417969,1.0894397497177124
405,120,cvae,4,42,0.34375,0.34375,0.4755244755244755,1.0,8.126821517944336,1.2589911222457886
406,120,cvae,4,42,0.453125,0.34375,0.5416666666666666,1.0,6.873318195343018,0.9632364511489868
407,120,cvae,4,42,0.328125,0.296875,0.48717948717948717,1.0,9.751718521118164,1.6088569164276123
408,120,cvae,4,42,0.40625,0.328125,0.6041666666666666,1.0,6.766054153442383,1.196329116821289
409,120,cvae,4,42,0.46875,0.4609375,0.5361241523213354,1.0,5.010274410247803,0.8940495848655701
410,120,cvae,4,42,0.359375,0.34375,0.43478260869565216,1.0,8.239690780639648,1.299269437789917
411,120,cvae,4,42,0.578125,0.484375,0.5735294117647058,1.0,5.993664741516113,1.1629548072814941
412,120,cvae,4,42,0.359375,0.375,0.4857142857142857,1.0,7.13079309463501,1.3073949813842773
413,120,cvae,4,42,0.3125,0.234375,0.4523809523809524,1.0,9.921286582946777,1.545916199684143
414,120,cvae,4,42,0.4375,0.390625,0.557037037037037,1.0,6.210516929626465,1.2131503820419312
415,120,cvae,4,42,0.375,0.3203125,0.5377492877492878,1.0,6.184101104736328,0.952453076839447
416,120,cvae,4,42,0.3125,0.2734375,0.5728900255754477,1.0,11.256074905395508,1.6793099641799927
417,120,cvae,4,42,0.359375,0.28125,0.475,1.0,7.469161033630371,1.4019832611083984
418,120,cvae,4,42,0.3125,0.34375,0.4878048780487805,1.0,7.411624908447266,1.4678665399551392
419,120,cvae,4,42,0.328125,0.2890625,0.476805356288857,1.0,9.869769096374512,1.7783124446868896
420,120,cvae,4,42,0.40625,0.3828125,0.561936402467964,1.0,5.561844348907471,1.1616008281707764
421,120,cvae,4,42,0.3515625,0.390625,0.48958333333333337,1.0,6.955883026123047,1.4657570123672485
422,120,cvae,4,42,0.4140625,0.4453125,0.5060331825037707,1.0,5.100440502166748,0.9798341393470764
423,120,cvae,4,42,0.3125,0.328125,0.47058823529411764,1.0,7.105032920837402,1.2704252004623413
424,120,cvae,4,42,0.34375,0.375,0.4879079254079254,1.0,6.2434821128845215,1.0770995616912842
425,120,cvae,4,42,0.328125,0.375,0.4883720930232558,1.0,8.816746711730957,1.6208257675170898
426,120,cvae,4,42,0.296875,0.3125,0.5433006535947713,1.0,8.142756462097168,1.3826347589492798
427,120,cvae,4,42,0.359375,0.375,0.5,1.0,5.658196449279785,0.9088078737258911
428,120,cvae,4,42,0.328125,0.28125,0.4772727272727273,1.0,14.448022842407227,1.9347012042999268
429,120,cvae,4,42,0.3359375,0.375,0.4794801641586867,1.0,7.010943412780762,1.0590473413467407
430,120,cvae,4,42,0.390625,0.3359375,0.5493197278911565,1.0,6.149984836578369,1.063085913658142
431,120,cvae,4,42,0.3125,0.2734375,0.4495192307692308,1.0,10.323243141174316,1.643659234046936
432,120,cvae,4,42,0.359375,0.359375,0.5,1.0,6.472115516662598,1.2442378997802734
433,120,cvae,4,42,0.296875,0.3125,0.47788461538461535,1.0,9.733280181884766,1.5875681638717651
434,120,cvae,4,42,0.3828125,0.3203125,0.5458139534883721,1.0,8.635345458984375,1.3965524435043335
435,120,cvae,4,42,0.578125,0.703125,0.5540540540540541,1.0,3.998051881790161,0.8103103637695312
436,120,cvae,4,42,0.375,0.359375,0.4897959183673469,1.0,8.498062133789062,1.541995644569397
437,120,cvae,4,42,0.3359375,0.296875,0.5004166666666667,1.0,10.366031646728516,1.8589081764221191
438,120,cvae,4,42,0.3203125,0.5234375,0.45952380952380956,1.0,6.904228210449219,1.2789357900619507
439,120,cvae,4,42,0.421875,0.3359375,0.5089285714285714,1.0,3.2849912643432617,0.613467812538147
440,120,cvae,4,42,0.34375,0.3125,0.4375,1.0,4.7774739265441895,0.8515373468399048
441,120,cvae,4,42,0.359375,0.421875,0.5,1.0,4.105538368225098,0.8208620548248291
442,120,cvae,4,42,0.453125,0.4609375,0.5460820895522388,1.0,8.105753898620605,1.5208911895751953
443,120,cvae,4,42,0.421875,0.2578125,0.5753787878787879,1.0,8.595823287963867,1.3530797958374023
444,120,cvae,4,42,0.46875,0.453125,0.4997276688453159,1.0,5.638248443603516,1.068010687828064
445,120,cvae,4,42,0.359375,0.3125,0.54,1.0,4.913668632507324,0.7759428024291992
446,120,cvae,4,42,0.359375,0.296875,0.5121951219512195,1.0,7.067272186279297,1.2225456237792969
447,120,cvae,4,42,0.328125,0.390625,0.5192307692307693,1.0,11.575460433959961,1.5693590641021729
448,120,cvae,4,42,0.359375,0.296875,0.5,1.0,7.699017524719238,1.3394371271133423
449,120,cvae,4,42,0.3125,0.3359375,0.48222610722610726,1.0,6.255046844482422,0.9948004484176636
450,120,cvae,4,42,0.484375,0.359375,0.5303030303030303,1.0,4.831554412841797,0.9090287685394287
451,120,cvae,4,42,0.328125,0.3125,0.42857142857142855,1.0,4.352540016174316,0.5626115202903748
452,120,cvae,4,42,0.375,0.34375,0.5053191489361701,1.0,10.06247615814209,1.4495599269866943
453,120,cvae,4,42,0.6640625,0.46875,0.6225490196078431,1.0,5.850408554077148,0.9662574529647827
454,120,cvae,4,42,0.34375,0.4453125,0.4440045248868778,1.0,5.634662628173828,1.13346529006958
455,120,cvae,4,42,0.3046875,0.3359375,0.4647727272727272,1.0,7.609297275543213,1.4600780010223389
456,120,cvae,4,42,0.3671875,0.375,0.44084084084084085,1.0,4.998578071594238,1.0888972282409668
457,120,cvae,4,42,0.34375,0.359375,0.5434782608695652,1.0,8.224231719970703,1.4976528882980347
458,120,cvae,4,42,0.328125,0.3203125,0.5380102040816326,1.0,7.449254989624023,1.3244222402572632
459,120,cvae,4,42,0.40625,0.3046875,0.5666109253065774,1.0,7.1431403160095215,1.3845945596694946
460,120,cvae,4,42,0.328125,0.375,0.48717948717948717,1.0,6.554014205932617,1.3039472103118896
461,120,cvae,4,42,0.375,0.3515625,0.561698717948718,1.0,7.330272674560547,1.4909690618515015
462,120,cvae,4,42,0.3984375,0.3828125,0.5559033989266546,1.0,8.179022789001465,1.5471503734588623
463,120,cvae,4,42,0.359375,0.359375,0.4795454545454545,1.0,3.6169381141662598,0.8367550373077393
464,120,cvae,4,42,0.296875,0.328125,0.475,1.0,6.342431545257568,1.2562021017074585
465,120,cvae,4,42,0.390625,0.3125,0.5833333333333334,1.0,13.441959381103516,1.6509610414505005
466,120,cvae,4,42,0.359375,0.359375,0.5227272727272727,1.0,9.108345031738281,1.3886916637420654
467,120,cvae,4,42,0.34375,0.46875,0.5238636363636364,1.0,9.959611892700195,1.5030193328857422
468,120,cvae,4,42,0.34375,0.359375,0.5570835495588999,1.0,8.423257827758789,1.4792336225509644
469,120,cvae,4,42,0.296875,0.3125,0.5102040816326531,1.0,14.049619674682617,1.6103345155715942
470,120,cvae,4,42,0.375,0.453125,0.4805456171735242,1.0,6.859673976898193,1.3189988136291504
471,120,cvae,4,42,0.3125,0.390625,0.4583333333333333,1.0,7.639904022216797,1.3740264177322388
472,120,cvae,4,42,0.296875,0.4140625,0.4252717391304348,1.0,4.139491081237793,0.9015493988990784
473,120,cvae,4,42,0.421875,0.484375,0.47368421052631576,1.0,6.876007556915283,1.0390905141830444
474,120,cvae,4,42,0.359375,0.328125,0.5192307692307693,1.0,4.929100513458252,0.8730229735374451
475,120,cvae,4,42,0.328125,0.34375,0.4883720930232558,1.0,8.386750221252441,1.5856969356536865
476,120,cvae,4,42,0.34375,0.40625,0.4772727272727273,1.0,9.671113967895508,1.703908920288086
477,120,cvae,4,42,0.328125,0.390625,0.4648268398268398,1.0,8.249528884887695,1.3450136184692383
478,120,cvae,4,42,0.28125,0.3125,0.3815789473684211,1.0,12.092435836791992,1.7222884893417358
479,120,cvae,4,42,0.421875,0.390625,0.5132743362831859,1.0,5.5938262939453125,1.1124814748764038
480,120,cvae,4,42,0.328125,0.375,0.5,1.0,7.6746087074279785,1.5596600770950317
481,120,cvae,4,42,0.359375,0.34375,0.625,1.0,8.663529396057129,1.2905826568603516
482,120,cvae,4,42,0.3046875,0.3515625,0.4736111111111111,1.0,7.5484209060668945,1.4367740154266357
483,120,cvae,4,42,0.375,0.3203125,0.5653409090909092,1.0,10.850960731506348,1.6588095426559448
484,120,cvae,4,42,0.375,0.46875,0.4727941176470588,1.0,5.286782741546631,1.0688145160675049
485,120,cvae,4,42,0.3671875,0.3984375,0.5049342105263158,1.0,7.247125148773193,1.0100319385528564
486,120,cvae,4,42,0.3359375,0.3671875,0.5171775898520085,1.0,4.099692344665527,0.8453584313392639
487,120,cvae,4,42,0.625,0.453125,0.624198717948718,1.0,2.300252914428711,0.5062205791473389
488,120,cvae,4,42,0.328125,0.40625,0.5222222222222223,1.0,10.605308532714844,1.6057246923446655
489,120,cvae,4,42,0.390625,0.3125,0.47368421052631576,1.0,5.693981170654297,0.9530112743377686
490,120,cvae,4,42,0.328125,0.421875,0.4807692307692308,1.0,7.075410842895508,1.1119838953018188
491,120,cvae,4,42,0.375,0.3984375,0.4840277777777778,1.0,7.687851905822754,1.4035470485687256
492,120,cvae,4,42,0.328125,0.375,0.5625,1.0,8.791219711303711,1.4550127983093262
493,120,cvae,4,42,0.375,0.390625,0.5,1.0,4.444767475128174,0.8995693325996399
494,120,cvae,4,42,0.328125,0.3125,0.4883720930232558,1.0,8.647177696228027,1.6831878423690796
495,120,cvae,4,42,0.3359375,0.3515625,0.5458333333333334,1.0,6.221686363220215,1.1013792753219604
496,120,cvae,4,42,0.46875,0.46875,0.5844155844155844,1.0,6.356477737426758,1.1349378824234009
497,120,cvae,4,42,0.359375,0.40625,0.5111111111111111,1.0,7.628364562988281,1.3964678049087524
498,120,cvae,4,42,0.390625,0.46875,0.46296296296296297,1.0,3.427053213119507,0.7281619310379028
499,120,cvae,4,42,0.328125,0.2890625,0.4516651248843663,1.0,6.784580230712891,1.283510684967041
500,120,cvae,4,42,0.390625,0.375,0.5214285714285715,1.0,7.117020606994629,0.9960027933120728
501,120,cvae,4,42,0.546875,0.34375,0.569620253164557,1.0,4.849254608154297,0.935467541217804
502,120,cvae,4,42,0.40625,0.4453125,0.4872939560439561,1.0,4.418619155883789,0.7862228751182556
503,120,cvae,4,42,0.328125,0.3125,0.509090909090909,1.0,5.996064186096191,1.1088392734527588
504,120,cvae,4,42,0.375,0.46875,0.5397669706180345,1.0,7.65412712097168,1.4052071571350098
505,120,cvae,4,42,0.390625,0.4140625,0.5426136363636364,1.0,5.014126777648926,0.8524191379547119
506,120,cvae,4,42,0.4375,0.34375,0.4666666666666667,1.0,5.343819618225098,0.9668523073196411
507,120,cvae,4,42,0.390625,0.3125,0.5471698113207547,1.0,11.699775695800781,2.029086112976074
508,120,cvae,4,42,0.421875,0.4140625,0.5386607473177951,1.0,6.652713775634766,1.1563103199005127
509,120,cvae,4,42,0.3203125,0.296875,0.4935897435897436,1.0,4.372358798980713,0.8582203984260559
510,120,cvae,4,42,0.328125,0.359375,0.475,1.0,6.44725227355957,1.359289288520813
511,120,cvae,4,42,0.40625,0.421875,0.5116279069767442,1.0,6.691522598266602,1.128286361694336
512,120,cvae,4,42,0.4375,0.4453125,0.5698160535117056,1.0,8.350041389465332,1.154017686843872
513,120,cvae,4,42,0.390625,0.34375,0.5,1.0,6.569353103637695,0.9667018055915833
514,120,cvae,4,42,0.375,0.34375,0.49122807017543857,1.0,6.95802116394043,1.4715462923049927
515,120,cvae,4,42,0.421875,0.421875,0.5535714285714286,1.0,4.394464492797852,0.8529523015022278
516,120,cvae,4,42,0.4765625,0.3671875,0.6262254901960784,1.0,5.7864603996276855,1.0744733810424805
517,120,cvae,4,42,0.359375,0.3984375,0.5125,1.0,5.870067596435547,0.9179130792617798
518,120,cvae,4,42,0.34375,0.421875,0.45652173913043476,1.0,7.804121971130371,1.2128883600234985
519,120,cvae,4,42,0.375,0.40625,0.45270270270270274,1.0,6.146207809448242,1.1669116020202637
520,120,cvae,4,42,0.328125,0.296875,0.5689655172413793,1.0,12.211933135986328,1.582963228225708
521,120,cvae,4,42,0.3359375,0.3515625,0.41881127450980393,1.0,9.406158447265625,1.5762033462524414
522,120,cvae,4,42,0.421875,0.3125,0.5294117647058824,1.0,16.669008255004883,2.035876512527466
523,120,cvae,4,42,0.5390625,0.3671875,0.6426633068424112,1.0,5.019214630126953,0.9353451728820801
524,120,cvae,4,42,0.359375,0.375,0.5227272727272727,1.0,10.743139266967773,1.899662733078003
525,120,cvae,4,42,0.359375,0.328125,0.525,1.0,5.180156707763672,0.959487795829773
526,120,cvae,4,42,0.328125,0.28125,0.46511627906976744,1.0,9.531082153320312,1.6462939977645874
527,120,cvae,4,42,0.3359375,0.3125,0.45588235294117646,1.0,7.014442443847656,1.466663122177124
528,120,cvae,4,42,0.328125,0.328125,0.5,1.0,6.028580665588379,1.2331559658050537
529,120,cvae,4,42,0.296875,0.3125,0.45178571428571423,1.0,9.480936050415039,1.7231837511062622
530,120,cvae,4,42,0.40625,0.3203125,0.5382926829268293,1.0,10.965563774108887,1.544471025466919
531,120,cvae,4,42,0.40625,0.390625,0.46774193548387094,1.0,4.782968521118164,0.854035496711731
532,120,cvae,4,42,0.421875,0.390625,0.559322033898305,1.0,5.394165992736816,1.0401557683944702
533,120,cvae,4,42,0.296875,0.4375,0.4336303939962477,1.0,7.024282455444336,1.4518333673477173
534,120,cvae,4,42,0.3828125,0.46875,0.5462007504690432,1.0,3.5298218727111816,0.6564328074455261
535,120,cvae,4,42,0.359375,0.4453125,0.42708333333333337,1.0,10.154990196228027,1.6273274421691895
536,120,cvae,4,42,0.359375,0.3984375,0.47591991341991347,1.0,4.536629676818848,0.7571189403533936
537,120,cvae,4,42,0.328125,0.3125,0.5,1.0,9.137523651123047,1.561830759048462
538,120,cvae,4,42,0.328125,0.3828125,0.4903846153846154,1.0,8.557538986206055,1.1366887092590332
539,120,cvae,4,42,0.390625,0.40625,0.5576923076923077,1.0,4.93142032623291,0.8965612053871155
540,120,cvae,4,42,0.3125,0.4375,0.475,1.0,7.622103691101074,1.2755615711212158
541,120,cvae,4,42,0.359375,0.3125,0.5,1.0,7.7927021980285645,1.7821036577224731
542,120,cvae,4,42,0.484375,0.4375,0.5344827586206896,1.0,3.4464304447174072,0.677068293094635
543,120,cvae,4,42,0.421875,0.59375,0.46759259259259256,1.0,8.915019989013672,1.4936268329620361
544,120,cvae,4,42,0.421875,0.375,0.5434782608695652,1.0,4.174745559692383,0.6714594960212708
545,120,cvae,4,42,0.3984375,0.3203125,0.5588888888888889,1.0,7.626344680786133,1.3728095293045044
546,120,cvae,4,42,0.3359375,0.3515625,0.4365026595744681,1.0,8.95526123046875,1.5931296348571777
547,120,cvae,4,42,0.34375,0.4375,0.40104166666666663,1.0,7.863073825836182,1.5577044486999512
548,120,cvae,4,42,0.296875,0.3359375,0.4736111111111111,1.0,11.889066696166992,1.8374497890472412
549,120,cvae,4,42,0.453125,0.484375,0.471031746031746,1.0,4.341416358947754,0.7574883699417114
550,120,cvae,4,42,0.453125,0.34375,0.6041666666666666,1.0,5.310873031616211,1.1002312898635864
551,120,cvae,4,42,0.421875,0.46875,0.5,1.0,3.721163749694824,0.8044105172157288
552,120,cvae,4,42,0.375,0.390625,0.40625,1.0,7.553009033203125,1.2243990898132324
553,120,cvae,4,42,0.328125,0.3125,0.5,1.0,10.040600776672363,1.4810327291488647
554,120,cvae,4,42,0.390625,0.2890625,0.5221153846153846,1.0,5.8255720138549805,1.053831934928894
555,120,cvae,4,42,0.359375,0.34375,0.45652173913043476,1.0,5.489340305328369,0.9115523099899292
556,120,cvae,4,42,0.421875,0.4375,0.4390625,1.0,3.4112045764923096,0.6004071831703186
557,120,cvae,4,42,0.40625,0.578125,0.5098039215686274,1.0,7.53050422668457,1.3211724758148193
558,120,cvae,4,42,0.3203125,0.390625,0.43229166666666663,1.0,9.39006233215332,1.6661890745162964
559,120,cvae,4,42,0.453125,0.40625,0.6481481481481481,1.0,6.539580345153809,1.045754313468933
560,120,cvae,4,42,0.421875,0.421875,0.5157312925170068,1.0,8.879151344299316,1.6069737672805786
561,120,cvae,4,42,0.296875,0.34375,0.46920731707317076,1.0,7.152773857116699,1.1383732557296753
562,120,cvae,4,42,0.3125,0.296875,0.46511627906976744,1.0,9.866870880126953,1.6621724367141724
563,120,cvae,4,42,0.3828125,0.3671875,0.5194543828264758,1.0,5.726608753204346,1.0542925596237183
564,120,cvae,4,42,0.34375,0.4296875,0.4736111111111111,1.0,7.910856246948242,1.3737924098968506
565,120,cvae,4,42,0.3203125,0.2890625,0.5185064935064935,1.0,11.1275634765625,1.7555522918701172
566,120,cvae,4,42,0.328125,0.359375,0.42452830188679247,1.0,6.473283767700195,0.9025615453720093
567,120,cvae,4,42,0.359375,0.3515625,0.4910714285714286,1.0,4.155850410461426,0.8516505360603333
568,120,cvae,4,42,0.3125,0.328125,0.45454545454545453,1.0,5.747969627380371,1.102247714996338
569,120,cvae,4,42,0.3984375,0.359375,0.5089285714285714,1.0,11.316195487976074,1.8589447736740112
570,120,cvae,4,42,0.296875,0.4375,0.4575,1.0,3.1759605407714844,0.6423656940460205
571,120,cvae,4,42,0.359375,0.375,0.475,1.0,6.615426063537598,1.294643521308899
572,120,cvae,4,42,0.3203125,0.453125,0.4443638122883406,1.0,7.475923538208008,1.408644437789917
573,120,cvae,4,42,0.4609375,0.359375,0.6102941176470589,1.0,7.722002983093262,1.5320022106170654
574,120,cvae,4,42,0.328125,0.390625,0.4375,1.0,6.559240341186523,1.2520477771759033
575,120,cvae,4,42,0.328125,0.34375,0.48214285714285715,1.0,14.91189956665039,2.0362765789031982
576,120,cvae,4,42,0.5234375,0.3515625,0.5651709401709402,1.0,10.558340072631836,1.5880206823349
577,120,cvae,4,42,0.328125,0.359375,0.46875,1.0,7.4645185470581055,1.1554303169250488
578,120,cvae,4,42,0.296875,0.3125,0.475,1.0,11.197860717773438,1.6788002252578735
579,120,cvae,4,42,0.34375,0.359375,0.4640092879256966,1.0,6.269516944885254,0.917163610458374
580,120,cvae,4,42,0.34375,0.390625,0.4570175438596491,1.0,5.3731255531311035,0.905737578868866
581,120,cvae,4,42,0.421875,0.390625,0.5370370370370371,1.0,4.0292487144470215,0.7561165690422058
582,120,cvae,4,42,0.4375,0.34375,0.5444711538461539,1.0,6.638192176818848,1.021148920059204
583,120,cvae,4,42,0.4453125,0.4609375,0.5411352040816326,1.0,5.998067855834961,1.1237598657608032
584,120,cvae,4,42,0.359375,0.34375,0.5,1.0,13.188213348388672,1.8447058200836182
585,120,cvae,4,42,0.3203125,0.328125,0.4877757901013715,1.0,8.287322998046875,1.5685538053512573
586,120,cvae,4,42,0.375,0.4453125,0.571590909090909,1.0,6.615409851074219,1.0848913192749023
587,120,cvae,4,42,0.328125,0.3359375,0.5113636363636364,1.0,5.604386329650879,1.0354725122451782
588,120,cvae,4,42,0.3671875,0.3984375,0.48962450592885376,1.0,3.525908946990967,0.7375547885894775
589,120,cvae,4,42,0.296875,0.375,0.49019607843137253,1.0,6.414224624633789,0.9497657418251038
590,120,cvae,4,42,0.453125,0.40625,0.5227272727272727,1.0,3.860945701599121,0.6151955127716064
591,120,cvae,4,42,0.3203125,0.375,0.47005813953488373,1.0,5.5583953857421875,1.0642722845077515
592,120,cvae,4,42,0.4375,0.328125,0.582258064516129,1.0,11.190681457519531,1.8557020425796509
593,120,cvae,4,42,0.328125,0.4375,0.475,1.0,11.336570739746094,1.465103030204773
594,120,cvae,4,42,0.3828125,0.3671875,0.5417511832319135,1.0,8.584609985351562,1.4928752183914185
595,120,cvae,4,42,0.359375,0.328125,0.5476190476190477,1.0,9.037553787231445,1.7099347114562988
596,120,cvae,4,42,0.3125,0.34375,0.5,1.0,8.857690811157227,1.566664218902588
597,120,cvae,4,42,0.328125,0.34375,0.48717948717948717,1.0,9.295333862304688,1.4739450216293335
598,120,cvae,4,42,0.421875,0.359375,0.5192307692307693,1.0,5.699472427368164,1.0585260391235352
599,120,cvae,4,42,0.328125,0.421875,0.5135135135135135,1.0,6.154644012451172,1.2456836700439453
600,120,cvae,4,42,0.359375,0.3125,0.46296296296296297,1.0,6.489424228668213,1.016583800315857
601,120,cvae,4,42,0.390625,0.4375,0.45454545454545453,1.0,4.6441545486450195,1.0404646396636963
602,120,cvae,4,42,0.34375,0.328125,0.5625,1.0,8.61216926574707,1.2988100051879883
603,120,cvae,4,42,0.375,0.3125,0.533102766798419,1.0,6.596193313598633,1.2872012853622437
604,120,cvae,4,42,0.5,0.359375,0.6037735849056604,1.0,6.415480613708496,0.9247528910636902
605,120,cvae,4,42,0.421875,0.46875,0.5,1.0,5.084315299987793,0.8542405366897583
606,120,cvae,4,42,0.328125,0.296875,0.525,1.0,5.794926643371582,1.133312702178955
607,120,cvae,4,42,0.421875,0.453125,0.525,1.0,8.54605484008789,1.4292961359024048
608,120,cvae,4,42,0.3515625,0.4453125,0.5086805555555556,1.0,6.222174167633057,1.1316519975662231
609,120,cvae,4,42,0.3125,0.359375,0.4875,1.0,9.846078872680664,1.8320705890655518
610,120,cvae,4,42,0.421875,0.3828125,0.4781746031746032,1.0,8.882617950439453,1.3862802982330322
611,120,cvae,4,42,0.28125,0.2890625,0.40909090909090906,1.0,9.190162658691406,1.224153995513916
612,120,cvae,4,42,0.359375,0.359375,0.5277777777777778,1.0,9.95857048034668,1.5152968168258667
613,120,cvae,4,42,0.375,0.4375,0.5296234772978959,1.0,5.85616397857666,1.1325294971466064
614,120,cvae,4,42,0.5,0.5078125,0.4916666666666667,1.0,4.079964637756348,0.8246875405311584
615,120,cvae,4,42,0.328125,0.34375,0.4666666666666667,1.0,9.060606002807617,1.7015645503997803
616,120,cvae,4,42,0.40625,0.359375,0.5375,1.0,4.515344619750977,0.891750693321228
617,120,cvae,4,42,0.390625,0.3671875,0.6143897996357013,1.0,10.724401473999023,1.821020245552063
618,120,cvae,4,42,0.3046875,0.359375,0.4318181818181818,1.0,6.17194128036499,1.1036834716796875
619,120,cvae,4,42,0.328125,0.3125,0.475,1.0,9.089773178100586,1.3297227621078491
620,120,cvae,4,42,0.359375,0.3359375,0.5340909090909092,1.0,9.44934368133545,1.689508318901062
621,120,cvae,4,42,0.328125,0.3359375,0.4292866082603254,1.0,7.815553665161133,1.4118751287460327
622,120,cvae,4,42,0.3515625,0.4765625,0.42867647058823527,1.0,6.527268409729004,1.2878304719924927
623,120,cvae,4,42,0.3359375,0.328125,0.47887931034482756,1.0,10.03581428527832,1.6550440788269043
624,120,cvae,4,42,0.296875,0.328125,0.4666666666666667,1.0,7.229681968688965,1.3815195560455322
625,120,cvae,4,42,0.296875,0.328125,0.46875,1.0,6.548316955566406,1.1623320579528809
626,120,cvae,4,42,0.4140625,0.3828125,0.5138526727509778,1.0,8.034128189086914,1.3737826347351074
627,120,cvae,4,42,0.359375,0.34375,0.5,1.0,6.0918288230896,1.234009027481079
628,120,cvae,4,42,0.328125,0.375,0.4489795918367347,1.0,5.006821632385254,1.1262508630752563
629,120,cvae,4,42,0.3984375,0.4375,0.6382778126964174,1.0,6.837621688842773,0.9873420000076294
630,120,cvae,4,42,0.296875,0.34375,0.4489795918367347,1.0,5.276827812194824,1.0489380359649658
631,120,cvae,4,42,0.296875,0.3125,0.5,1.0,8.448814392089844,1.53642737865448
632,120,cvae,4,42,0.3359375,0.4140625,0.5189102564102563,1.0,10.529865264892578,1.955222487449646
633,120,cvae,4,42,0.3515625,0.3515625,0.49007936507936506,1.0,6.763538360595703,1.3321768045425415
634,120,cvae,4,42,0.328125,0.34375,0.4883720930232558,1.0,10.836544036865234,1.7804261445999146
635,120,cvae,4,42,0.359375,0.34375,0.5277777777777778,1.0,7.611268997192383,1.3115347623825073
636,120,cvae,4,42,0.421875,0.40625,0.5227272727272727,1.0,8.347623825073242,1.5785328149795532
637,120,cvae,4,42,0.34375,0.4296875,0.4461050724637681,1.0,6.6509294509887695,1.152780294418335
638,120,cvae,4,42,0.328125,0.421875,0.4933139534883721,1.0,4.501201629638672,0.8577526211738586
639,120,cvae,4,42,0.328125,0.328125,0.4772727272727273,1.0,7.562180519104004,1.437331199645996
640,120,cvae,4,42,0.3828125,0.34375,0.5174961964790263,1.0,9.10678768157959,1.3510230779647827
641,120,cvae,4,42,0.328125,0.359375,0.525,1.0,7.253022193908691,1.254826307296753
642,120,cvae,4,42,0.3671875,0.46875,0.4875,1.0,7.110729694366455,1.456572413444519
643,120,cvae,4,42,0.46875,0.46875,0.5434782608695652,1.0,2.3660483360290527,0.4330562949180603
644,120,cvae,4,42,0.421875,0.46875,0.5,1.0,2.59816575050354,0.5154427289962769
645,120,cvae,4,42,0.421875,0.34375,0.5277777777777778,1.0,7.286085605621338,1.1903326511383057
646,120,cvae,4,42,0.296875,0.3046875,0.4420995670995671,1.0,14.920331954956055,1.930169701576233
647,120,cvae,4,42,0.421875,0.328125,0.5625,1.0,4.634998321533203,0.8650870323181152
648,120,cvae,4,42,0.421875,0.421875,0.5,1.0,8.137243270874023,1.2957031726837158
649,120,cvae,4,42,0.40625,0.40625,0.5173531655225019,1.0,4.381141662597656,0.8895183205604553
650,120,cvae,4,42,0.359375,0.34375,0.4791666666666667,1.0,4.896751403808594,0.7955909371376038
651,120,cvae,4,42,0.3515625,0.3984375,0.49743589743589745,1.0,7.637603759765625,1.2336429357528687
652,120,cvae,4,42,0.328125,0.34375,0.5518394648829431,1.0,14.860858917236328,2.1412065029144287
653,120,cvae,4,42,0.453125,0.4375,0.46875,1.0,5.190964698791504,0.9565557837486267
654,120,cvae,4,42,0.421875,0.421875,0.5340909090909091,1.0,3.7203688621520996,0.7527271509170532
655,120,cvae,4,42,0.328125,0.34375,0.5094339622641509,1.0,7.200511932373047,1.4184223413467407
656,120,cvae,4,42,0.3828125,0.3828125,0.6139423076923077,1.0,8.393393516540527,1.6054441928863525
657,120,cvae,4,42,0.34375,0.40625,0.5168539325842697,1.0,9.935569763183594,1.5119961500167847
658,120,cvae,4,42,0.328125,0.375,0.4883720930232558,1.0,10.378887176513672,1.5425238609313965
659,120,cvae,4,42,0.546875,0.421875,0.5673076923076923,1.0,8.107793807983398,1.3095722198486328
660,120,cvae,4,42,0.328125,0.34375,0.525,1.0,7.298005104064941,1.6234877109527588
661,120,cvae,4,42,0.34375,0.3984375,0.45986519607843135,1.0,6.309532165527344,1.127922534942627
662,120,cvae,4,42,0.296875,0.34375,0.4772727272727273,1.0,8.375283241271973,1.281933069229126
663,120,cvae,4,42,0.46875,0.4765625,0.5178571428571429,1.0,3.2692298889160156,0.6317993402481079
664,120,cvae,4,42,0.34375,0.296875,0.5128205128205128,1.0,6.3984375,1.058054804801941
665,120,cvae,4,42,0.3359375,0.4375,0.43909052982895286,1.0,7.11572790145874,1.171433448791504
666,120,cvae,4,42,0.40625,0.40625,0.5753676470588236,1.0,5.996896743774414,1.0070469379425049
667,120,cvae,4,42,0.359375,0.421875,0.47207991803278687,1.0,6.100537300109863,1.142830729484558
668,120,cvae,4,42,0.3203125,0.3125,0.4315159574468085,1.0,14.601146697998047,2.0423386096954346
669,120,cvae,4,42,0.3046875,0.265625,0.46451033243486073,1.0,11.836034774780273,2.0751025676727295
670,120,cvae,4,42,0.328125,0.296875,0.4883720930232558,1.0,6.302026271820068,1.1061079502105713
671,120,cvae,4,42,0.375,0.359375,0.5060185185185185,1.0,6.4676103591918945,1.1683334112167358
672,120,cvae,4,42,0.34375,0.359375,0.5227272727272727,1.0,9.394774436950684,1.7186394929885864
673,120,cvae,4,42,0.296875,0.296875,0.4318181818181818,1.0,12.308448791503906,1.7893494367599487
674,120,cvae,4,42,0.328125,0.390625,0.49390243902439024,1.0,5.673495292663574,1.1118957996368408
675,120,cvae,4,42,0.421875,0.4765625,0.55125,1.0,6.421006679534912,1.1582046747207642
676,120,cvae,4,42,0.328125,0.359375,0.525,1.0,7.965930938720703,1.2265743017196655
677,120,cvae,4,42,0.421875,0.421875,0.517706131078224,1.0,8.468547821044922,1.2677382230758667
678,120,cvae,4,42,0.328125,0.3671875,0.5016983695652174,1.0,6.737266540527344,1.1092109680175781
679,120,cvae,4,42,0.328125,0.3125,0.4791666666666667,1.0,8.105823516845703,1.563827633857727
680,120,cvae,4,42,0.46875,0.375,0.5454545454545454,1.0,4.156430244445801,0.7014734148979187
681,120,cvae,4,42,0.40625,0.3671875,0.5431974741676234,1.0,5.272373199462891,1.020027995109558
682,120,cvae,4,42,0.390625,0.4453125,0.5089869281045751,1.0,4.8656511306762695,1.0398316383361816
683,120,cvae,4,42,0.359375,0.34375,0.5476190476190477,1.0,7.855419635772705,1.4337354898452759
684,120,cvae,4,42,0.3515625,0.3359375,0.5261479591836735,1.0,10.966365814208984,1.5321831703186035
685,120,cvae,4,42,0.34375,0.34375,0.5348837209302325,1.0,7.038393974304199,1.5612995624542236
686,120,cvae,4,42,0.328125,0.375,0.5263157894736842,1.0,3.554978132247925,0.7787895202636719
687,120,cvae,4,42,0.3203125,0.3515625,0.4409722222222222,1.0,8.20474624633789,1.1617844104766846
688,120,cvae,4,42,0.34375,0.3359375,0.4898809523809524,1.0,8.593500137329102,1.5964183807373047
689,120,cvae,4,42,0.375,0.359375,0.4636904761904762,1.0,7.136499404907227,1.1681125164031982
690,120,cvae,4,42,0.34375,0.3125,0.4629901960784314,1.0,11.134247779846191,1.9458776712417603
691,120,cvae,4,42,0.34375,0.46875,0.475,1.0,5.119720458984375,1.0180892944335938
692,120,cvae,4,42,0.40625,0.328125,0.5,1.0,8.592240333557129,1.08100163936615
693,120,cvae,4,42,0.3125,0.34375,0.4224308300395257,1.0,4.954533576965332,0.7981030344963074
694,120,cvae,4,42,0.3125,0.453125,0.43813131313131315,1.0,7.150289535522461,1.2177482843399048
695,120,cvae,4,42,0.5,0.453125,0.5849056603773585,1.0,6.15244197845459,0.9172258973121643
696,120,cvae,4,42,0.328125,0.3125,0.4888888888888889,1.0,7.537107944488525,1.3473478555679321
697,120,cvae,4,42,0.328125,0.3125,0.4772727272727273,1.0,4.988180160522461,0.9380160570144653
698,120,cvae,4,42,0.3203125,0.3828125,0.47058823529411764,1.0,8.11031723022461,1.4008843898773193
699,120,cvae,4,42,0.3984375,0.40625,0.48863636363636365,1.0,10.949798583984375,1.6394031047821045
700,120,cvae,4,42,0.296875,0.328125,0.45714285714285713,1.0,8.558189392089844,1.4070103168487549
701,120,cvae,4,42,0.3671875,0.3203125,0.5317028985507246,1.0,7.575003623962402,1.3645455837249756
702,120,cvae,4,42,0.359375,0.328125,0.4878048780487805,1.0,6.242223262786865,1.1685785055160522
703,120,cvae,4,42,0.375,0.34375,0.5476190476190477,1.0,10.177252769470215,2.0256056785583496
704,120,cvae,4,42,0.328125,0.4375,0.4375,1.0,3.8925347328186035,0.781500518321991
705,120,cvae,4,42,0.296875,0.3984375,0.4411111111111111,1.0,7.161748886108398,1.1785078048706055
706,120,cvae,4,42,0.40625,0.296875,0.5178571428571429,1.0,7.239930629730225,1.1762102842330933
707,120,cvae,4,42,0.421875,0.40625,0.5869565217391305,1.0,6.128275394439697,1.192355751991272
708,120,cvae,4,42,0.328125,0.359375,0.5135135135135135,1.0,4.949265003204346,0.9083259701728821
709,120,cvae,4,42,0.3671875,0.359375,0.5138888888888888,1.0,6.643470764160156,1.220016598701477
710,120,cvae,4,42,0.375,0.3671875,0.5079545454545454,1.0,6.706127643585205,1.1143109798431396
711,120,cvae,4,42,0.421875,0.3828125,0.6376997716894977,1.0,7.078738212585449,1.2561659812927246
712,120,cvae,4,42,0.296875,0.375,0.4523809523809524,1.0,9.353889465332031,1.4871108531951904
713,120,cvae,4,42,0.515625,0.40625,0.58,1.0,5.278555870056152,1.0369482040405273
714,120,cvae,4,42,0.359375,0.3125,0.5,1.0,7.237689018249512,1.1833412647247314
715,120,cvae,4,42,0.3515625,0.3515625,0.5,1.0,14.391620635986328,1.6360951662063599
716,120,cvae,4,42,0.421875,0.46875,0.4027777777777778,1.0,4.551024913787842,0.7936874628067017
717,120,cvae,4,42,0.421875,0.5625,0.49056603773584906,1.0,10.30184555053711,1.4469455480575562
718,120,cvae,4,42,0.3359375,0.296875,0.5342391304347827,1.0,11.951650619506836,1.6364091634750366
719,120,cvae,4,42,0.390625,0.4375,0.4111111111111111,1.0,6.859885215759277,1.1365898847579956
720,120,cvae,4,42,0.34375,0.4375,0.5087719298245614,1.0,5.510823726654053,0.997239351272583
721,120,cvae,4,42,0.375,0.4765625,0.4724469160768453,1.0,5.676994323730469,1.1233912706375122
722,120,cvae,4,42,0.375,0.4140625,0.502435064935065,1.0,4.4690399169921875,0.8518280982971191
723,120,cvae,4,42,0.2734375,0.2890625,0.3482730263157895,1.0,10.275618553161621,1.5796070098876953
724,120,cvae,4,42,0.359375,0.359375,0.5227272727272727,1.0,9.44588851928711,1.3304202556610107
725,120,cvae,4,42,0.4140625,0.4609375,0.520979020979021,1.0,4.530312538146973,0.8077124357223511
726,120,cvae,4,42,0.375,0.2734375,0.5138888888888888,1.0,10.348396301269531,1.5972790718078613
727,120,cvae,4,42,0.421875,0.46875,0.5277777777777778,1.0,4.491515159606934,0.7128978371620178
728,120,cvae,4,42,0.359375,0.3125,0.46938775510204084,1.0,8.944658279418945,1.4040595293045044
729,120,cvae,4,42,0.40625,0.375,0.49241181296144376,1.0,8.821529388427734,1.5408971309661865
730,120,cvae,4,42,0.421875,0.3125,0.475,1.0,6.394463539123535,1.2062586545944214
731,120,cvae,4,42,0.4375,0.46875,0.5314549791293978,1.0,5.112031936645508,0.9465319514274597
732,120,cvae,4,42,0.671875,0.59375,0.6071428571428571,1.0,3.887037515640259,0.7570372819900513
733,120,cvae,4,42,0.390625,0.3984375,0.5188025729836714,1.0,6.224602699279785,1.1080105304718018
734,120,cvae,4,42,0.390625,0.375,0.5227272727272727,1.0,7.848666667938232,1.4247430562973022
735,120,cvae,4,42,0.328125,0.40625,0.4883720930232558,1.0,11.377531051635742,1.7047430276870728
736,120,cvae,4,42,0.359375,0.34375,0.4861111111111111,1.0,5.711086750030518,1.2291191816329956
737,120,cvae,4,42,0.359375,0.328125,0.5416666666666666,1.0,12.630254745483398,1.857162356376648
738,120,cvae,4,42,0.578125,0.421875,0.59375,1.0,4.444354057312012,0.7133672833442688
739,120,cvae,4,42,0.421875,0.34375,0.5688461538461538,1.0,7.463933944702148,1.1742140054702759
740,120,cvae,4,42,0.359375,0.390625,0.48290043290043294,1.0,5.940764427185059,0.9866522550582886
741,120,cvae,4,42,0.359375,0.359375,0.5096153846153846,1.0,5.805246353149414,1.0116785764694214
742,120,cvae,4,42,0.390625,0.234375,0.5208333333333334,1.0,9.41164779663086,1.6023826599121094
743,120,cvae,4,42,0.296875,0.328125,0.5,1.0,16.308639526367188,1.8660671710968018
744,120,cvae,4,42,0.3046875,0.40625,0.43714644877435577,1.0,7.615021228790283,1.3487030267715454
745,120,cvae,4,42,0.328125,0.3515625,0.4875,1.0,3.5760064125061035,0.6638702154159546
746,120,cvae,4,42,0.453125,0.34375,0.5,1.0,6.177225112915039,0.9491452574729919
747,120,cvae,4,42,0.390625,0.515625,0.5116279069767442,1.0,5.141051292419434,0.8852807879447937
748,120,cvae,4,42,0.3125,0.359375,0.5,1.0,10.969535827636719,1.5812917947769165
749,120,cvae,4,42,0.421875,0.390625,0.5238095238095238,1.0,7.635804176330566,1.303615927696228
750,120,cvae,4,42,0.375,0.390625,0.5454545454545454,1.0,6.290826797485352,1.3113735914230347
751,120,cvae,4,42,0.328125,0.34375,0.4444444444444444,1.0,10.628755569458008,1.2596386671066284
752,120,cvae,4,42,0.421875,0.421875,0.5227272727272727,1.0,5.690083026885986,0.9485554099082947
753,120,cvae,4,42,0.421875,0.40625,0.5,1.0,9.512734413146973,1.7704384326934814
754,120,cvae,4,42,0.34375,0.34375,0.475,1.0,5.906813144683838,1.0703412294387817
755,120,cvae,4,42,0.34375,0.3125,0.5182926829268293,1.0,8.913312911987305,1.5907742977142334
756,120,cvae,4,42,0.296875,0.390625,0.475,1.0,7.163677215576172,1.1710330247879028
757,120,cvae,4,42,0.3671875,0.328125,0.5,1.0,4.972745895385742,1.0526186227798462
758,120,cvae,4,42,0.34375,0.3203125,0.4875,1.0,5.764382839202881,1.0321691036224365
759,120,cvae,4,42,0.328125,0.4375,0.4883720930232558,1.0,8.289511680603027,1.274953842163086
760,120,cvae,4,42,0.34375,0.34375,0.43137254901960786,1.0,9.845417022705078,1.1989212036132812
761,120,cvae,4,42,0.359375,0.3671875,0.5549418604651162,1.0,13.928441047668457,2.118433952331543
762,120,cvae,4,42,0.296875,0.359375,0.5087719298245614,1.0,8.681641578674316,1.7467836141586304
763,120,cvae,4,42,0.359375,0.4375,0.5192307692307693,1.0,7.151118278503418,1.3004571199417114
764,120,cvae,4,42,0.3671875,0.3203125,0.5415697674418605,1.0,8.878421783447266,1.627941370010376
765,120,cvae,4,42,0.328125,0.359375,0.475,1.0,9.155255317687988,1.3547707796096802
766,120,cvae,4,42,0.3203125,0.3359375,0.49359756097560975,1.0,7.817826271057129,1.3330178260803223
767,120,cvae,4,42,0.328125,0.3359375,0.525,1.0,4.311866283416748,0.7497748732566833
768,120,cvae,4,42,0.328125,0.296875,0.4878048780487805,1.0,4.290360927581787,0.8749391436576843
769,120,cvae,4,42,0.3125,0.34375,0.5,1.0,9.677253723144531,1.8890085220336914
770,120,cvae,4,42,0.40625,0.3984375,0.5096153846153846,1.0,3.758525848388672,0.6498885750770569
771,120,cvae,4,42,0.421875,0.296875,0.5576923076923077,1.0,6.925310134887695,1.2868216037750244
772,120,cvae,4,42,0.4453125,0.3125,0.5515010351966874,1.0,9.652257919311523,1.312181830406189
773,120,cvae,4,42,0.3125,0.375,0.44680851063829785,1.0,4.398905277252197,0.8254799246788025
774,120,cvae,4,42,0.4375,0.4375,0.5510204081632653,1.0,6.638401031494141,1.2040847539901733
775,120,cvae,4,42,0.421875,0.4375,0.4909090909090909,1.0,3.958686351776123,0.7192353010177612
776,120,cvae,4,42,0.296875,0.40625,0.3333333333333333,1.0,7.89786434173584,1.5154763460159302
777,120,cvae,4,42,0.421875,0.46875,0.5975609756097561,1.0,5.9382710456848145,1.3595389127731323
778,120,cvae,4,42,0.390625,0.3046875,0.5113636363636364,1.0,3.3421764373779297,0.5757455229759216
779,120,cvae,4,42,0.34375,0.34375,0.5,1.0,9.28325080871582,1.6243395805358887
780,120,cvae,4,42,0.390625,0.4375,0.5613636363636363,1.0,5.104569435119629,0.9291172623634338
781,120,cvae,4,42,0.296875,0.3203125,0.47093023255813954,1.0,13.082523345947266,1.6503174304962158
782,120,cvae,4,42,0.296875,0.265625,0.509090909090909,1.0,12.131977081298828,1.71091628074646
783,120,cvae,4,42,0.3125,0.3671875,0.44047619047619047,1.0,8.803996086120605,1.29170560836792
784,120,cvae,4,42,0.328125,0.359375,0.4883720930232558,1.0,7.535295486450195,1.5336549282073975
785,120,cvae,4,42,0.484375,0.46875,0.5535714285714286,1.0,4.071295261383057,0.8635562062263489
786,120,cvae,4,42,0.3125,0.328125,0.46808510638297873,1.0,6.393189430236816,1.0907049179077148
787,120,cvae,4,42,0.390625,0.3984375,0.5833333333333334,1.0,4.284388542175293,0.9257029294967651
788,120,cvae,4,42,0.375,0.34375,0.4583333333333333,1.0,4.4988322257995605,0.9333701729774475
789,120,cvae,4,42,0.296875,0.328125,0.4634146341463415,1.0,7.77764368057251,1.396462321281433
790,120,cvae,4,42,0.296875,0.3203125,0.4831140350877193,1.0,4.91989803314209,0.9362966418266296
791,120,cvae,4,42,0.421875,0.484375,0.5384615384615384,1.0,5.4080915451049805,1.0400651693344116
792,120,cvae,4,42,0.328125,0.375,0.525,1.0,9.099774360656738,1.4202619791030884
793,120,cvae,4,42,0.328125,0.421875,0.49122807017543857,1.0,7.629298686981201,1.2932794094085693
794,120,cvae,4,42,0.375,0.453125,0.4336842105263158,1.0,5.615341663360596,1.1933921575546265
795,120,cvae,4,42,0.390625,0.453125,0.5675675675675675,1.0,5.300030708312988,1.047014832496643
796,120,cvae,4,42,0.359375,0.296875,0.5375234521575984,1.0,11.601114273071289,1.7325389385223389
797,120,cvae,4,42,0.34375,0.3203125,0.48958333333333337,1.0,7.303475379943848,1.079471230506897
798,120,cvae,4,42,0.34375,0.328125,0.5416666666666666,1.0,9.018376350402832,1.4468737840652466
799,120,cvae,4,42,0.453125,0.4375,0.6041666666666666,1.0,5.031806945800781,1.0148411989212036
800,120,cvae,4,42,0.515625,0.40625,0.45208333333333334,1.0,5.892510414123535,1.025588870048523
801,120,cvae,4,42,0.328125,0.359375,0.525,1.0,3.841543674468994,0.7754552960395813
802,120,cvae,4,42,0.34375,0.296875,0.4807692307692308,1.0,6.453868865966797,1.148405909538269
803,120,cvae,4,42,0.328125,0.3125,0.5135135135135135,1.0,10.25412368774414,1.6897259950637817
804,120,cvae,4,42,0.328125,0.34375,0.4857142857142857,1.0,10.473743438720703,1.3845025300979614
805,120,cvae,4,42,0.421875,0.359375,0.5918367346938775,1.0,9.604747772216797,1.6119204759597778
806,120,cvae,4,42,0.421875,0.34375,0.5344827586206896,1.0,6.134069919586182,1.1185343265533447
807,120,cvae,4,42,0.34375,0.421875,0.5172413793103449,1.0,8.269918441772461,1.3682595491409302
808,120,cvae,4,42,0.453125,0.40625,0.4666666666666667,1.0,3.810076951980591,0.8571090698242188
809,120,cvae,4,42,0.296875,0.28125,0.4772727272727273,1.0,11.767555236816406,1.7097734212875366
810,120,cvae,4,42,0.328125,0.421875,0.4375,1.0,4.894007682800293,0.7831152677536011
811,120,cvae,4,42,0.34375,0.328125,0.4782608695652174,1.0,6.481691360473633,1.310367226600647
812,120,cvae,4,42,0.421875,0.3984375,0.5758928571428572,1.0,6.0326151847839355,0.8632795214653015
813,120,cvae,4,42,0.3828125,0.421875,0.4809074573225517,1.0,5.843971252441406,0.9462482929229736
814,120,cvae,4,42,0.296875,0.328125,0.475,1.0,8.322667121887207,1.4144177436828613
815,120,cvae,4,42,0.328125,0.3125,0.5,1.0,7.399559497833252,1.4311219453811646
816,120,cvae,4,42,0.390625,0.390625,0.5497340425531916,1.0,6.271867752075195,1.2542164325714111
817,120,cvae,4,42,0.46875,0.4140625,0.53125,1.0,6.718721389770508,1.2836744785308838
818,120,cvae,4,42,0.453125,0.53125,0.525,1.0,4.060622215270996,0.7957547307014465
819,120,cvae,4,42,0.359375,0.4140625,0.48863636363636365,1.0,5.067755222320557,0.8145142793655396
820,120,cvae,4,42,0.359375,0.421875,0.5227272727272727,1.0,6.28388786315918,0.895147442817688
821,120,cvae,4,42,0.296875,0.3125,0.4587486157253599,1.0,9.082605361938477,1.4911038875579834
822,120,cvae,4,42,0.296875,0.359375,0.5625,1.0,8.10898494720459,1.5941449403762817
823,120,cvae,4,42,0.671875,0.5,0.5645161290322581,1.0,3.7124948501586914,0.6302307844161987
824,120,cvae,4,42,0.359375,0.3125,0.525,1.0,12.256271362304688,1.9106107950210571
825,120,cvae,4,42,0.453125,0.421875,0.5178571428571429,1.0,5.399066925048828,0.9463754892349243
826,120,cvae,4,42,0.328125,0.484375,0.4159090909090909,1.0,5.8827924728393555,1.3979109525680542
827,120,cvae,4,42,0.3828125,0.3828125,0.5165441176470589,1.0,4.256814002990723,0.7180495262145996
828,120,cvae,4,42,0.3515625,0.453125,0.40934065934065933,1.0,7.635812759399414,1.2943686246871948
829,120,cvae,4,42,0.296875,0.328125,0.4375,1.0,7.021582126617432,1.2358158826828003
830,120,cvae,4,42,0.359375,0.40625,0.45625,1.0,4.735240459442139,0.8888676166534424
831,120,cvae,4,42,0.3125,0.3984375,0.4473684210526316,1.0,8.021565437316895,1.2442419528961182
832,120,cvae,4,42,0.421875,0.34375,0.55125,1.0,7.181955814361572,1.134446144104004
833,120,cvae,4,42,0.328125,0.40625,0.525,1.0,10.733264923095703,1.6701782941818237
834,120,cvae,4,42,0.421875,0.40625,0.6136363636363636,1.0,6.131508827209473,1.0806450843811035
835,120,cvae,4,42,0.3671875,0.375,0.4666666666666667,1.0,6.779017925262451,1.2230743169784546
836,120,cvae,4,42,0.3125,0.328125,0.452020202020202,1.0,6.0800886154174805,0.9291268587112427
837,120,cvae,4,42,0.359375,0.46875,0.4791666666666667,1.0,4.676342487335205,0.851578950881958
838,120,cvae,4,42,0.328125,0.359375,0.4772727272727273,1.0,7.46121883392334,1.462186336517334
839,120,cvae,4,42,0.578125,0.546875,0.5588235294117647,1.0,4.538496017456055,0.9670674800872803
840,120,cvae,4,42,0.328125,0.328125,0.525,1.0,5.939873218536377,1.186219573020935
841,120,cvae,4,42,0.34375,0.34375,0.475,1.0,7.260281562805176,1.1352221965789795
842,120,cvae,4,42,0.328125,0.3359375,0.46410992616899094,1.0,7.578866004943848,1.4446351528167725
843,120,cvae,4,42,0.328125,0.390625,0.5,1.0,17.420429229736328,2.0777459144592285
844,120,cvae,4,42,0.390625,0.328125,0.5147058823529411,1.0,6.061246871948242,0.9685583710670471
845,120,cvae,4,42,0.359375,0.359375,0.5306122448979592,1.0,7.621955871582031,1.4676722288131714
846,120,cvae,4,42,0.328125,0.4375,0.525,1.0,3.8265252113342285,0.901590883731842
847,120,cvae,4,42,0.34375,0.359375,0.53125,1.0,6.176526069641113,1.164070725440979
848,120,cvae,4,42,0.421875,0.46875,0.421875,1.0,5.669519901275635,0.9353544116020203
849,120,cvae,4,42,0.421875,0.34375,0.5116279069767442,1.0,4.404265403747559,0.8473996520042419
850,120,cvae,4,42,0.375,0.3828125,0.5575657894736843,1.0,3.5918684005737305,0.7522761225700378
851,120,cvae,4,42,0.328125,0.453125,0.3620689655172414,1.0,6.095867156982422,0.9422367215156555
852,120,cvae,4,42,0.34375,0.296875,0.5135135135135135,1.0,5.731208801269531,1.1169549226760864
853,120,cvae,4,42,0.296875,0.3359375,0.475,1.0,5.980604648590088,1.2710332870483398
854,120,cvae,4,42,0.421875,0.46875,0.5625,1.0,5.041499137878418,0.9916065335273743
855,120,cvae,4,42,0.375,0.40625,0.6030564263322884,1.0,4.619992733001709,0.8755702376365662
856,120,cvae,4,42,0.453125,0.46875,0.4791666666666667,1.0,4.134559154510498,0.7987916469573975
857,120,cvae,4,42,0.359375,0.375,0.48214285714285715,1.0,6.395891189575195,1.1231590509414673
858,120,cvae,4,42,0.328125,0.390625,0.5384615384615384,1.0,7.892757415771484,1.2942163944244385
859,120,cvae,4,42,0.34375,0.359375,0.5,1.0,6.526362419128418,1.1729865074157715
860,120,cvae,4,42,0.3359375,0.3515625,0.4650514579759863,1.0,8.394146919250488,1.2028522491455078
861,120,cvae,4,42,0.375,0.3671875,0.44,1.0,6.240478992462158,1.1311564445495605
862,120,cvae,4,42,0.3125,0.3125,0.475,1.0,12.612825393676758,2.1432769298553467
863,120,cvae,4,42,0.828125,0.59375,0.58,1.0,2.665653944015503,0.5026490092277527
864,120,cvae,4,42,0.484375,0.46875,0.5689655172413793,1.0,4.745546817779541,0.7577385306358337
865,120,cvae,4,42,0.4375,0.375,0.559322033898305,1.0,4.509555339813232,0.8697878122329712
866,120,cvae,4,42,0.3671875,0.421875,0.5753968253968254,1.0,9.228431701660156,1.566616177558899
867,120,cvae,4,42,0.4453125,0.390625,0.49659267912772587,1.0,5.90496301651001,1.1816074848175049
868,120,cvae,4,42,0.2890625,0.34375,0.46587125416204217,1.0,14.250890731811523,2.177237033843994
869,120,cvae,4,42,0.3515625,0.3515625,0.4961362838075166,1.0,7.595106601715088,1.3960506916046143
870,120,cvae,4,42,0.390625,0.375,0.5573770491803278,1.0,7.109767913818359,1.2833501100540161
871,120,cvae,4,42,0.359375,0.34375,0.4861111111111111,1.0,4.317954063415527,0.8555664420127869
872,120,cvae,4,42,0.328125,0.328125,0.46875,1.0,12.921728134155273,1.6627181768417358
873,120,cvae,4,42,0.40625,0.3046875,0.541033434650456,1.0,7.768750190734863,1.4278018474578857
874,120,cvae,4,42,0.328125,0.359375,0.5,1.0,9.575307846069336,1.3530997037887573
875,120,cvae,4,42,0.421875,0.4609375,0.5434782608695652,1.0,7.808381080627441,1.2906489372253418
876,120,cvae,4,42,0.296875,0.296875,0.5192307692307693,1.0,7.379573822021484,1.1773276329040527
877,120,cvae,4,42,0.3203125,0.359375,0.5192307692307692,1.0,7.624579429626465,1.454669713973999
878,120,cvae,4,42,0.296875,0.40625,0.4722222222222222,1.0,11.56903076171875,2.026742935180664
879,120,cvae,4,42,0.328125,0.34375,0.5,1.0,5.643319129943848,1.1000055074691772
880,120,cvae,4,42,0.375,0.4375,0.5504587155963303,1.0,6.643543243408203,1.295487642288208
881,120,cvae,4,42,0.390625,0.3203125,0.42753086419753084,1.0,7.8074951171875,1.600654125213623
882,120,cvae,4,42,0.296875,0.359375,0.47474747474747475,1.0,9.063698768615723,1.260815143585205
883,120,cvae,4,42,0.359375,0.3828125,0.5229166666666667,1.0,5.589679718017578,0.9687908291816711
884,120,cvae,4,42,0.328125,0.34375,0.4772727272727273,1.0,9.15304946899414,1.700432300567627
885,120,cvae,4,42,0.2890625,0.375,0.5096153846153846,1.0,9.744336128234863,1.5333032608032227
886,120,cvae,4,42,0.515625,0.515625,0.5959911361804996,1.0,5.248674392700195,0.8468658924102783
887,120,cvae,4,42,0.328125,0.390625,0.48717948717948717,1.0,10.634833335876465,1.4201178550720215
888,120,cvae,4,42,0.40625,0.375,0.5821678321678322,1.0,4.883364677429199,1.0263278484344482
889,120,cvae,4,42,0.421875,0.484375,0.5119047619047619,1.0,5.894338607788086,0.8025438189506531
890,120,cvae,4,42,0.40625,0.375,0.5794392523364486,1.0,11.037513732910156,1.8404245376586914
891,120,cvae,4,42,0.421875,0.4375,0.5285714285714286,1.0,7.96451997756958,1.2134294509887695
892,120,cvae,4,42,0.328125,0.421875,0.475,1.0,9.128400802612305,1.2915270328521729
893,120,cvae,4,42,0.328125,0.375,0.493421052631579,1.0,10.640027046203613,1.7699438333511353
894,120,cvae,4,42,0.3671875,0.40625,0.4422554347826087,1.0,7.165116786956787,1.385709524154663
895,120,cvae,4,42,0.34375,0.4375,0.47619047619047616,1.0,8.259857177734375,1.498044490814209
896,120,cvae,4,42,0.3359375,0.3359375,0.4993078626799557,1.0,8.302556991577148,1.2526429891586304
897,120,cvae,4,42,0.296875,0.3515625,0.445078031212485,1.0,4.890439987182617,1.1495082378387451
898,120,cvae,4,42,0.375,0.40625,0.44285714285714284,1.0,4.35074520111084,0.8702331781387329
899,120,cvae,4,42,0.453125,0.4765625,0.4230192076830732,1.0,6.476315498352051,1.1080883741378784
900,120,cvae,4,42,0.296875,0.328125,0.44791666666666663,1.0,10.022439956665039,1.7483136653900146
901,120,cvae,4,42,0.359375,0.3125,0.45652173913043476,1.0,7.739816665649414,1.4003214836120605
902,120,cvae,4,42,0.3125,0.375,0.425531914893617,1.0,5.083944320678711,1.057187557220459
903,120,cvae,4,42,0.3125,0.390625,0.4523809523809524,1.0,11.519355773925781,1.6971378326416016
904,120,cvae,4,42,0.3359375,0.375,0.5067567567567568,1.0,5.748526573181152,1.198444128036499
905,120,cvae,4,42,0.3203125,0.40625,0.49324324324324326,1.0,6.676434516906738,1.2443794012069702
906,120,cvae,4,42,0.359375,0.390625,0.44251227495908346,1.0,4.829113006591797,0.9009184837341309
907,120,cvae,4,42,0.3359375,0.3125,0.4891304347826087,1.0,7.5492072105407715,1.3260314464569092
908,120,cvae,4,42,0.3125,0.40625,0.47619047619047616,1.0,10.773649215698242,1.6128265857696533
909,120,cvae,4,42,0.421875,0.421875,0.46,1.0,7.061230659484863,1.4034667015075684
910,120,cvae,4,42,0.390625,0.40625,0.5592307692307692,1.0,10.577144622802734,1.727799415588379
911,120,cvae,4,42,0.421875,0.46875,0.6136363636363636,1.0,4.43056583404541,0.8889769315719604
912,120,cvae,4,42,0.3515625,0.4140625,0.5317460317460317,1.0,5.712224006652832,0.9882555603981018
913,120,cvae,4,42,0.328125,0.359375,0.4473684210526316,1.0,10.959371566772461,1.941284418106079
914,120,cvae,4,42,0.3359375,0.390625,0.49468085106382975,1.0,7.485123634338379,1.2750523090362549
915,120,cvae,4,42,0.34375,0.328125,0.5,1.0,7.259263038635254,1.5996747016906738
916,120,cvae,4,42,0.359375,0.375,0.4791666666666667,1.0,7.94626522064209,1.2114685773849487
917,120,cvae,4,42,0.3515625,0.4140625,0.4731588287488908,1.0,5.802770614624023,1.1392531394958496
918,120,cvae,4,42,0.3359375,0.3359375,0.49971639251276234,1.0,9.863100051879883,1.7066701650619507
919,120,cvae,4,42,0.421875,0.390625,0.5236344537815126,1.0,6.130149841308594,1.0332998037338257
920,120,cvae,4,42,0.484375,0.5,0.5254237288135594,1.0,3.760568141937256,0.8139678239822388
921,120,cvae,4,42,0.4140625,0.4375,0.50625,1.0,4.64412784576416,0.8236280083656311
922,120,cvae,4,42,0.328125,0.40625,0.4772727272727273,1.0,13.09290885925293,1.8836830854415894
923,120,cvae,4,42,0.359375,0.421875,0.5,1.0,4.325985908508301,0.9880313873291016
924,120,cvae,4,42,0.3203125,0.28125,0.4599681866383881,1.0,7.920485496520996,1.3634487390518188
925,120,cvae,4,42,0.578125,0.484375,0.578030303030303,1.0,3.4416768550872803,0.7143340706825256
926,120,cvae,4,42,0.359375,0.3984375,0.4893617021276596,1.0,7.516745567321777,1.3242040872573853
927,120,cvae,4,42,0.40625,0.4140625,0.52744708994709,1.0,4.841979503631592,1.031705617904663
928,120,cvae,4,42,0.3125,0.359375,0.4878048780487805,1.0,6.903176307678223,1.1852720975875854
929,120,cvae,4,42,0.28125,0.3828125,0.45967741935483875,1.0,10.637527465820312,1.7030235528945923
930,120,cvae,4,42,0.34375,0.421875,0.45375106564364875,1.0,4.2667646408081055,0.930046021938324
931,120,cvae,4,42,0.296875,0.375,0.45454545454545453,1.0,7.504202365875244,1.3981833457946777
932,120,cvae,4,42,0.421875,0.375,0.525,1.0,4.755239009857178,0.9839121699333191
933,120,cvae,4,42,0.421875,0.328125,0.5578947368421052,1.0,9.209790229797363,1.031336784362793
934,120,cvae,4,42,0.421875,0.4765625,0.5408653846153846,1.0,5.760049819946289,1.1076536178588867
935,120,cvae,4,42,0.265625,0.25,0.42857142857142855,1.0,10.843158721923828,1.431573748588562
936,120,cvae,4,42,0.296875,0.359375,0.46296296296296297,1.0,7.378098487854004,1.6935656070709229
937,120,cvae,4,42,0.5703125,0.3203125,0.5678345626975765,1.0,6.918581962585449,1.2050749063491821
938,120,cvae,4,42,0.359375,0.28125,0.4523809523809524,1.0,8.235180854797363,1.3717093467712402
939,120,cvae,4,42,0.40625,0.40625,0.555952380952381,1.0,4.655278205871582,0.7379201054573059
940,120,cvae,4,42,0.3515625,0.328125,0.5442708333333333,1.0,6.182403087615967,1.2083008289337158
941,120,cvae,4,42,0.328125,0.2734375,0.4424342105263158,1.0,21.40774154663086,2.6257293224334717
942,120,cvae,4,42,0.359375,0.40625,0.54,1.0,9.72281265258789,1.5430737733840942
943,120,cvae,4,42,0.328125,0.375,0.4418604651162791,1.0,9.899678230285645,1.3688526153564453
944,120,cvae,4,42,0.296875,0.328125,0.4609042553191489,1.0,13.939998626708984,1.7519094944000244
945,120,cvae,4,42,0.296875,0.34375,0.41304347826086957,1.0,9.062517166137695,1.5448217391967773
946,120,cvae,4,42,0.40625,0.46875,0.575,1.0,7.59906005859375,1.3018418550491333
947,120,cvae,4,42,0.375,0.4453125,0.5135757017947538,1.0,10.608619689941406,1.8049818277359009
948,120,cvae,4,42,0.3125,0.328125,0.42857142857142855,1.0,6.730572700500488,1.2374742031097412
949,120,cvae,4,42,0.453125,0.59375,0.5370370370370371,1.0,3.4612789154052734,0.7235575318336487
950,120,cvae,4,42,0.359375,0.265625,0.475,1.0,5.753003120422363,0.9342901110649109
951,120,cvae,4,42,0.375,0.375,0.45901639344262296,1.0,7.942180633544922,1.505104422569275
952,120,cvae,4,42,0.328125,0.296875,0.5,1.0,8.676064491271973,1.451557993888855
953,120,cvae,4,42,0.328125,0.3515625,0.4595665961945032,1.0,3.6783604621887207,0.8270725011825562
954,120,cvae,4,42,0.328125,0.34375,0.5,1.0,9.478307723999023,1.3466507196426392
955,120,cvae,4,42,0.484375,0.4375,0.5892857142857143,1.0,3.9766087532043457,0.718736469745636
956,120,cvae,4,42,0.359375,0.359375,0.4417344173441734,1.0,8.036484718322754,1.6429250240325928
957,120,cvae,4,42,0.453125,0.46875,0.5454545454545454,1.0,3.539978504180908,0.6987432837486267
958,120,cvae,4,42,0.3203125,0.2578125,0.536873840445269,1.0,9.248936653137207,1.8443659543991089
959,120,cvae,4,42,0.46875,0.46875,0.3972602739726027,1.0,5.455794811248779,0.930444061756134
960,120,cvae,4,42,0.546875,0.46875,0.6142857142857143,1.0,4.090651035308838,0.6714566349983215
961,120,cvae,4,42,0.421875,0.3671875,0.5807123034227568,1.0,4.319592475891113,0.8825591802597046
962,120,cvae,4,42,0.3671875,0.296875,0.5160975609756098,1.0,9.54768180847168,1.5823071002960205
963,120,cvae,4,42,0.34375,0.296875,0.5641025641025641,1.0,10.682221412658691,1.7297334671020508
964,120,cvae,4,42,0.421875,0.4375,0.5625,1.0,6.00044059753418,1.1470317840576172
965,120,cvae,4,42,0.421875,0.359375,0.5625,1.0,4.5831403732299805,0.9081581830978394
966,120,cvae,4,42,0.328125,0.34375,0.5370370370370371,1.0,12.716365814208984,1.5557042360305786
967,120,cvae,4,42,0.359375,0.3671875,0.5192307692307692,1.0,3.76814603805542,0.8825001120567322
968,120,cvae,4,42,0.421875,0.375,0.5625,1.0,9.474139213562012,1.4903472661972046
969,120,cvae,4,42,0.34375,0.375,0.49390243902439024,1.0,5.9537248611450195,1.1371941566467285
970,120,cvae,4,42,0.3515625,0.3125,0.4570175438596491,1.0,5.332906723022461,0.9852065443992615
971,120,cvae,4,42,0.421875,0.390625,0.54,1.0,7.521594047546387,1.5027679204940796
972,120,cvae,4,42,0.34375,0.34375,0.5189393939393939,1.0,7.431543827056885,1.4210854768753052
973,120,cvae,4,42,0.328125,0.4375,0.4883720930232558,1.0,5.339923858642578,1.0152432918548584
974,120,cvae,4,42,0.484375,0.453125,0.4107142857142857,1.0,8.724386215209961,1.2101625204086304
975,120,cvae,4,42,0.4375,0.390625,0.4727272727272727,1.0,7.414255142211914,1.2462739944458008
976,120,cvae,4,42,0.359375,0.296875,0.53125,1.0,9.658746719360352,1.3736214637756348
977,120,cvae,4,42,0.328125,0.2890625,0.5408653846153846,1.0,7.9154205322265625,1.4685004949569702
978,120,cvae,4,42,0.3125,0.34375,0.48717948717948717,1.0,13.208559036254883,1.7257918119430542
979,120,cvae,4,42,0.46875,0.4296875,0.4869733924611973,1.0,5.212907791137695,0.8488072752952576
980,120,cvae,4,42,0.484375,0.59375,0.5961538461538461,1.0,5.174693584442139,1.0328468084335327
981,120,cvae,4,42,0.328125,0.3125,0.4375,1.0,6.939922332763672,1.3169680833816528
982,120,cvae,4,42,0.421875,0.359375,0.5571428571428572,1.0,3.745668411254883,0.8249711990356445
983,120,cvae,4,42,0.296875,0.375,0.4634146341463415,1.0,8.857836723327637,1.6406571865081787
984,120,cvae,4,42,0.34375,0.34375,0.5173611111111112,1.0,7.536498069763184,1.467923641204834
985,120,cvae,4,42,0.421875,0.40625,0.5096153846153846,1.0,3.839035987854004,0.6997482776641846
986,120,cvae,4,42,0.328125,0.375,0.475,1.0,5.7752275466918945,1.202823281288147
987,120,cvae,4,42,0.390625,0.3671875,0.5426136363636364,1.0,6.122655868530273,1.2844747304916382
988,120,cvae,4,42,0.359375,0.3359375,0.45,1.0,7.439425945281982,1.5082529783248901
989,120,cvae,4,42,0.421875,0.34375,0.5567602040816326,1.0,7.186884880065918,1.4819962978363037
990,120,cvae,4,42,0.578125,0.515625,0.5085694892245036,1.0,4.288887023925781,0.9587973356246948
991,120,cvae,4,42,0.359375,0.328125,0.47137096774193543,1.0,6.249432563781738,0.9547663331031799
992,120,cvae,4,42,0.328125,0.3125,0.5,1.0,11.887130737304688,1.9716627597808838
993,120,cvae,4,42,0.421875,0.4375,0.574468085106383,1.0,9.073530197143555,1.3355302810668945
994,120,cvae,4,42,0.3203125,0.28125,0.525,1.0,12.234593391418457,2.038106679916382
995,120,cvae,4,42,0.46875,0.4296875,0.5632768361581921,1.0,7.668926239013672,1.4533811807632446
996,120,cvae,4,42,0.5625,0.34375,0.5848892405063291,1.0,5.153965950012207,0.8197740316390991
997,120,cvae,4,42,0.4296875,0.3828125,0.5669642857142857,1.0,5.966153144836426,1.2140991687774658
998,120,cvae,4,42,0.328125,0.34375,0.4883720930232558,1.0,5.032686233520508,0.9863435626029968
999,120,cvae,4,42,0.3125,0.375,0.46938775510204084,1.0,10.83432674407959,1.7728766202926636
